1000
100000 1
99999 1
99998 3
99997 7
99996 1
99995 7
99994 1
99993 1
99992 7
99991 8
99990 8
99989 6
99988 8
99987 3
99986 7
99985 3
99984 9
99983 9
99982 9
99981 2
99980 7
99979 1
99978 6
99977 8
99976 4
99975 2
99974 2
99973 2
99972 5
99971 5
99970 8
99969 5
99968 4
99967 7
99966 8
99965 6
99964 1
99963 4
99962 5
99961 7
99960 7
99959 7
99958 7
99957 3
99956 7
99955 1
99954 1
99953 9
99952 3
99951 5
99950 5
99949 3
99948 4
99947 5
99946 5
99945 8
99944 3
99943 1
99942 1
99941 6
99940 6
99939 5
99938 8
99937 6
99936 3
99935 8
99934 5
99933 4
99932 1
99931 4
99930 2
99929 4
99928 8
99927 7
99926 4
99925 3
99924 3
99923 7
99922 9
99921 3
99920 3
99919 7
99918 9
99917 9
99916 4
99915 5
99914 2
99913 2
99912 2
99911 5
99910 1
99909 8
99908 6
99907 5
99906 5
99905 5
99904 3
99903 6
99902 8
99901 6
99900 1
99899 2
99898 4
99897 2
99896 9
99895 9
99894 6
99893 2
99892 6
99891 5
99890 2
99889 8
99888 2
99887 4
99886 1
99885 5
99884 2
99883 5
99882 5
99881 2
99880 1
99879 4
99878 9
99877 1
99876 6
99875 5
99874 4
99873 9
99872 5
99871 8
99870 8
99869 1
99868 3
99867 2
99866 1
99865 4
99864 9
99863 3
99862 2
99861 4
99860 9
99859 8
99858 5
99857 9
99856 3
99855 4
99854 3
99853 6
99852 5
99851 3
99850 8
99849 9
99848 1
99847 6
99846 2
99845 8
99844 8
99843 2
99842 7
99841 2
99840 8
99839 6
99838 2
99837 6
99836 6
99835 9
99834 1
99833 2
99832 8
99831 5
99830 5
99829 8
99828 4
99827 6
99826 2
99825 6
99824 5
99823 9
99822 7
99821 9
99820 6
99819 4
99818 9
99817 2
99816 6
99815 3
99814 1
99813 6
99812 4
99811 2
99810 6
99809 6
99808 4
99807 5
99806 7
99805 7
99804 2
99803 7
99802 6
99801 2
99800 6
99799 6
99798 5
99797 3
99796 2
99795 4
99794 7
99793 6
99792 5
99791 2
99790 5
99789 7
99788 4
99787 3
99786 6
99785 2
99784 9
99783 3
99782 7
99781 3
99780 5
99779 1
99778 7
99777 7
99776 1
99775 5
99774 7
99773 3
99772 2
99771 6
99770 3
99769 9
99768 4
99767 9
99766 3
99765 9
99764 6
99763 7
99762 6
99761 1
99760 3
99759 7
99758 4
99757 8
99756 3
99755 2
99754 9
99753 6
99752 2
99751 7
99750 9
99749 6
99748 5
99747 2
99746 1
99745 1
99744 9
99743 8
99742 4
99741 2
99740 6
99739 2
99738 8
99737 4
99736 1
99735 5
99734 9
99733 1
99732 9
99731 8
99730 2
99729 3
99728 2
99727 5
99726 9
99725 7
99724 9
99723 5
99722 5
99721 7
99720 7
99719 1
99718 5
99717 7
99716 6
99715 2
99714 5
99713 5
99712 9
99711 5
99710 5
99709 7
99708 7
99707 3
99706 5
99705 5
99704 9
99703 4
99702 4
99701 1
99700 5
99699 4
99698 4
99697 4
99696 5
99695 3
99694 5
99693 8
99692 3
99691 4
99690 1
99689 3
99688 8
99687 4
99686 7
99685 8
99684 4
99683 1
99682 6
99681 1
99680 5
99679 4
99678 3
99677 8
99676 7
99675 4
99674 6
99673 3
99672 8
99671 3
99670 5
99669 3
99668 6
99667 3
99666 1
99665 3
99664 9
99663 6
99662 4
99661 6
99660 7
99659 9
99658 4
99657 6
99656 3
99655 8
99654 8
99653 5
99652 8
99651 2
99650 2
99649 7
99648 4
99647 2
99646 7
99645 3
99644 9
99643 3
99642 6
99641 1
99640 2
99639 3
99638 1
99637 8
99636 6
99635 7
99634 1
99633 4
99632 4
99631 2
99630 2
99629 8
99628 4
99627 1
99626 1
99625 9
99624 9
99623 4
99622 8
99621 9
99620 6
99619 5
99618 2
99617 9
99616 2
99615 8
99614 6
99613 3
99612 5
99611 2
99610 7
99609 5
99608 9
99607 7
99606 1
99605 2
99604 8
99603 9
99602 3
99601 7
99600 9
99599 1
99598 8
99597 6
99596 6
99595 7
99594 5
99593 1
99592 8
99591 1
99590 4
99589 2
99588 9
99587 2
99586 8
99585 1
99584 7
99583 9
99582 7
99581 8
99580 7
99579 4
99578 9
99577 8
99576 5
99575 6
99574 1
99573 5
99572 9
99571 6
99570 2
99569 1
99568 4
99567 1
99566 7
99565 6
99564 5
99563 6
99562 5
99561 3
99560 8
99559 4
99558 2
99557 7
99556 5
99555 9
99554 5
99553 6
99552 5
99551 9
99550 8
99549 7
99548 1
99547 5
99546 8
99545 9
99544 8
99543 2
99542 7
99541 1
99540 3
99539 7
99538 7
99537 1
99536 7
99535 1
99534 2
99533 5
99532 1
99531 6
99530 4
99529 8
99528 9
99527 4
99526 5
99525 8
99524 6
99523 5
99522 4
99521 4
99520 6
99519 3
99518 9
99517 1
99516 6
99515 2
99514 3
99513 8
99512 6
99511 9
99510 9
99509 1
99508 2
99507 1
99506 6
99505 4
99504 1
99503 3
99502 2
99501 3
99500 7
99499 2
99498 6
99497 3
99496 3
99495 6
99494 4
99493 6
99492 8
99491 8
99490 4
99489 4
99488 5
99487 6
99486 3
99485 9
99484 2
99483 8
99482 2
99481 5
99480 8
99479 3
99478 1
99477 9
99476 4
99475 2
99474 2
99473 1
99472 5
99471 9
99470 5
99469 8
99468 7
99467 8
99466 6
99465 1
99464 9
99463 5
99462 9
99461 3
99460 6
99459 5
99458 8
99457 5
99456 3
99455 7
99454 1
99453 9
99452 8
99451 4
99450 9
99449 3
99448 1
99447 5
99446 6
99445 7
99444 4
99443 8
99442 1
99441 4
99440 1
99439 9
99438 9
99437 5
99436 9
99435 1
99434 6
99433 5
99432 9
99431 5
99430 7
99429 5
99428 6
99427 9
99426 6
99425 1
99424 6
99423 3
99422 4
99421 2
99420 2
99419 6
99418 4
99417 3
99416 4
99415 5
99414 2
99413 6
99412 8
99411 4
99410 8
99409 3
99408 8
99407 1
99406 7
99405 4
99404 3
99403 3
99402 7
99401 7
99400 4
99399 2
99398 1
99397 7
99396 5
99395 6
99394 6
99393 3
99392 6
99391 8
99390 8
99389 8
99388 8
99387 4
99386 2
99385 3
99384 5
99383 5
99382 4
99381 2
99380 3
99379 2
99378 9
99377 8
99376 1
99375 3
99374 1
99373 2
99372 8
99371 5
99370 6
99369 7
99368 6
99367 6
99366 3
99365 8
99364 8
99363 8
99362 9
99361 8
99360 8
99359 8
99358 2
99357 3
99356 9
99355 3
99354 5
99353 8
99352 5
99351 4
99350 1
99349 9
99348 4
99347 6
99346 5
99345 8
99344 9
99343 8
99342 9
99341 5
99340 6
99339 9
99338 9
99337 2
99336 6
99335 9
99334 5
99333 8
99332 3
99331 8
99330 4
99329 4
99328 7
99327 8
99326 6
99325 7
99324 4
99323 1
99322 9
99321 9
99320 3
99319 2
99318 1
99317 7
99316 8
99315 7
99314 3
99313 8
99312 6
99311 9
99310 9
99309 2
99308 6
99307 8
99306 1
99305 7
99304 9
99303 3
99302 4
99301 6
99300 7
99299 7
99298 4
99297 8
99296 8
99295 8
99294 3
99293 2
99292 7
99291 2
99290 2
99289 3
99288 8
99287 5
99286 3
99285 6
99284 3
99283 7
99282 3
99281 9
99280 3
99279 5
99278 7
99277 1
99276 1
99275 9
99274 3
99273 8
99272 3
99271 6
99270 6
99269 6
99268 5
99267 7
99266 4
99265 9
99264 5
99263 5
99262 2
99261 3
99260 5
99259 8
99258 3
99257 4
99256 3
99255 9
99254 3
99253 3
99252 7
99251 7
99250 5
99249 1
99248 5
99247 4
99246 5
99245 4
99244 9
99243 1
99242 1
99241 5
99240 5
99239 7
99238 4
99237 2
99236 7
99235 8
99234 6
99233 1
99232 5
99231 3
99230 8
99229 9
99228 3
99227 6
99226 5
99225 5
99224 5
99223 4
99222 1
99221 5
99220 6
99219 3
99218 7
99217 8
99216 3
99215 6
99214 4
99213 4
99212 5
99211 1
99210 5
99209 3
99208 6
99207 6
99206 1
99205 9
99204 9
99203 5
99202 6
99201 5
99200 2
99199 8
99198 9
99197 3
99196 8
99195 6
99194 5
99193 8
99192 7
99191 1
99190 7
99189 3
99188 9
99187 7
99186 5
99185 9
99184 3
99183 6
99182 3
99181 6
99180 9
99179 7
99178 1
99177 5
99176 1
99175 6
99174 5
99173 5
99172 3
99171 1
99170 5
99169 6
99168 3
99167 7
99166 5
99165 7
99164 9
99163 9
99162 2
99161 4
99160 1
99159 4
99158 2
99157 4
99156 5
99155 3
99154 1
99153 7
99152 5
99151 2
99150 7
99149 4
99148 5
99147 5
99146 7
99145 1
99144 2
99143 8
99142 4
99141 8
99140 3
99139 7
99138 3
99137 1
99136 4
99135 8
99134 6
99133 4
99132 3
99131 7
99130 5
99129 7
99128 5
99127 8
99126 9
99125 2
99124 2
99123 9
99122 6
99121 1
99120 6
99119 6
99118 3
99117 8
99116 3
99115 9
99114 8
99113 6
99112 5
99111 2
99110 2
99109 1
99108 1
99107 4
99106 5
99105 7
99104 3
99103 8
99102 2
99101 1
99100 5
99099 7
99098 2
99097 6
99096 4
99095 4
99094 5
99093 9
99092 9
99091 1
99090 9
99089 5
99088 8
99087 9
99086 9
99085 4
99084 9
99083 4
99082 3
99081 5
99080 3
99079 6
99078 1
99077 2
99076 4
99075 3
99074 2
99073 4
99072 5
99071 6
99070 6
99069 4
99068 4
99067 1
99066 7
99065 5
99064 9
99063 4
99062 8
99061 6
99060 6
99059 2
99058 1
99057 6
99056 9
99055 7
99054 8
99053 7
99052 3
99051 9
99050 2
99049 6
99048 3
99047 1
99046 3
99045 5
99044 4
99043 1
99042 1
99041 2
99040 9
99039 4
99038 5
99037 5
99036 2
99035 2
99034 3
99033 5
99032 4
99031 5
99030 1
99029 2
99028 2
99027 6
99026 8
99025 8
99024 2
99023 7
99022 6
99021 4
99020 1
99019 2
99018 5
99017 5
99016 6
99015 1
99014 6
99013 9
99012 8
99011 8
99010 6
99009 4
99008 3
99007 8
99006 9
99005 9
99004 3
99003 8
99002 1
99001 9
