1000 1000
54387 65827 92356 20746 99927 84533 92373 54035 38463 88340 36131 27768 17527 20317 49968 83712 47165 28972 82965 54307 79827 37337 68218 52787 40650 4586 98425 39308 82744 67178 47219 30857 77867 27696 3336 4747 47336 16385 27245 16026 32633 67010 18435 34816 4629 60449 46673 56375 44925 18075 53879 70111 42279 77791 55666 98440 2234 13147 4471 15638 27330 32402 77535 14894 44301 3424 55500 76769 82364 61092 19831 26040 12788 81420 64524 30581 77302 37311 61902 32336 1299 81757 92652 81135 51771 90420 89565 48705 43453 40186 47756 20404 5139 73685 3710 11930 51922 66030 7250 7396 60782 18429 2082 73274 17832 96421 16928 51667 13226 82898 35531 26168 76320 93049 33089 30396 24755 15672 58868 82513 35107 80973 50796 67892 45799 7517 6639 29805 19608 37982 33441 68903 27345 46054 38991 85247 17642 3571 70314 75371 83274 36129 10298 44325 49810 4937 83162 80133 46221 68174 75328 63531 85110 55199 26370 26575 68495 87362 83676 31032 62823 4543 19951 21962 82318 16853 59906 44406 12956 61463 17980 87656 5780 36721 49615 10747 7881 7542 60989 43058 80662 11094 34085 79374 65247 25054 33033 30724 30638 16074 17021 9042 3133 30107 45797 17570 10514 60817 94307 79446 74754 87451 66104 34405 51091 93345 15985 54035 51448 60614 34745 95158 43775 16351 89892 75073 10503 60238 68506 12035 61471 81498 85141 96284 13464 27624 22889 19961 39779 98535 87212 10666 74818 51696 4232 67142 46484 87829 94314 62004 28817 60145 51096 28511 71521 36896 17004 88925 28608 22952 98141 53645 26540 80408 13393 32790 3494 4058 72816 33271 98301 96859 60640 62164 87427 93542 85352 34351 9235 59239 50961 74980 1091 29619 66644 89697 88159 35287 49713 25853 15045 32850 38036 94 59398 57705 28801 52620 89096 69268 231 98059 33326 47331 8172 40753 14912 21852 34593 49338 75069 59389 750 66463 10374 84272 98917 70448 54364 3088 46000 22678 27585 1667 49834 11207 90525 83811 98731 68927 12563 68827 6984 98761 34428 60809 55831 51482 89039 78295 14295 12894 70240 317 57120 43545 71561 13865 67773 60467 35048 92770 65785 62100 7543 10047 23687 81761 29787 95600 22776 44396 61723 66671 25988 35854 19804 45704 83019 95451 3237 45166 60917 75889 2795 87754 20841 58593 12745 83450 56560 32247 90838 55742 40793 29889 83250 81095 1692 22677 16344 85095 75283 74786 5877 36902 71330 32590 18554 62519 43748 46286 44836 20218 78155 61156 8364 70369 16432 65464 80829 78536 59321 40821 93249 80131 18081 35384 8836 70467 8639 36592 4368 88456 45906 14563 44093 11372 42912 75079 77866 77315 36665 36238 94858 59049 64821 8307 12744 28675 44473 1511 69039 85770 81426 68685 26200 32613 52488 96171 8033 38650 61003 3065 21157 26187 40448 25650 12035 15228 88394 62896 23703 10161 80486 11343 77679 59 19283 22571 22670 10293 86597 17275 57505 35004 26557 99179 87198 20241 31799 21673 42599 35965 34998 90128 11451 43120 62858 68135 35807 10931 56140 6414 58137 4812 13277 19987 91126 95131 79958 55247 95822 50479 85256 1376 15542 71233 77456 8810 59340 68438 50248 89514 83062 77640 41359 54139 8628 67315 27454 25088 85156 8468 12655 63450 8273 11618 58998 4052 40879 15222 91953 90873 61785 21022 47452 42376 13886 89010 29143 98309 39386 94 76529 72923 95981 77020 34880 76385 46654 96045 98555 65400 50287 32771 17013 43340 73709 48573 35386 67356 87015 7171 16490 39133 36000 12287 61404 18450 58592 1263 20988 58561 4386 61061 38772 81345 44246 13151 49445 78917 91619 58687 95385 25736 73028 29355 87951 66151 82857 58668 10666 2454 11887 3453 78031 85463 67 83695 98725 26867 1900 37223 48297 25099 85623 30156 84801 39006 80693 13058 61754 22163 3693 28727 74552 61976 89191 76445 63594 29663 1660 22879 86219 76875 47253 19425 27140 31850 29044 43392 77193 35086 49237 97661 78545 23070 58597 76808 73080 21869 15070 90362 93023 38288 76578 42013 64486 13945 70516 98007 43152 39407 83152 34370 12809 15250 36218 2567 60301 22763 93989 45689 46097 27235 14150 43047 40109 14089 63915 67298 43384 20665 20638 29418 35540 72856 4762 43041 88321 6157 66972 98459 96904 40483 32462 8933 90038 98358 7931 7965 34994 60806 9508 45717 94697 71753 43988 62539 54215 73101 88176 5432 56301 21656 47916 28276 36935 16457 97087 82957 56958 24906 35065 19212 45504 63762 13032 50579 28022 27354 34333 68991 32518 78733 25059 98826 26543 38002 66214 5925 88213 84083 65374 64368 687 40789 2454 61327 72665 25599 40436 67547 3195 61288 56553 3461 73825 33816 15997 87698 28592 6742 26072 43392 30463 61930 81223 64372 96048 31265 97031 79188 16061 3845 88562 9763 1851 58342 45596 81761 42179 57100 50543 56714 2169 3350 94159 63846 72916 58403 63392 94758 94814 70604 15856 87923 28534 46683 21532 68578 91373 27123 25919 44646 68801 76440 81358 80794 85320 98467 30320 69352 19218 25737 35781 19553 54048 39245 70122 56177 25626 48490 58852 97745 52135 33153 59976 67803 6346 75046 97997 24384 90104 87051 86205 54187 69634 78077 9334 66448 33057 76401 79480 49665 9199 83056 13036 97927 81210 2052 5579 89388 58625 97489 87958 55985 34927 91485 31693 71688 59588 86773 39557 30866 63404 59635 82947 37986 93927 80985 48465 96689 63147 58822 23050 13105 46275 77596 78304 78052 35170 55362 58164 98376 6197 11349 87785 99076 73586 23145 65845 1608 74814 2173 75471 55848 89366 83797 20684 76995 65755 69348 73820 98262 36528 37831 6775 85947 45136 44849 39799 25039 28033 31733 95230 96171 58093 75547 89045 11796 83023 99401 82792 48761 83610 58742 94080 7612 80422 42283 41798 97658 75427 64282 73509 187 3080 85015 39974 91238 4823 2031 21566 70134 26362 71429 61013 61842 74771 78286 79576 53929 55435 45902 99278 6798 74926 84826 12263 8622 44752 78239 42864 41915 43579 64152 92463 22161 67167 47528 31760 36015 79282 13320 53176 34391 73382 36170 62853 82999 69739 78705 81358 14322 62718 86423 15887 88970 42990 90935 73285 55115 15330 62911 18488 33733 92836 60571 74325 71837 14118 96991 64056 68083 43288 41897 39381 1925 37415 4349 37305 21503 11542 69804 50758 72028 83259 60126  
2 1
3 1
4 2
5 3
6 5
7 2
8 2
9 5
10 3
11 1
12 10
13 1
14 7
15 11
16 13
17 12
18 13
19 16
20 7
21 6
22 12
23 10
24 8
25 20
26 13
27 14
28 10
29 19
30 21
31 19
32 1
33 15
34 26
35 5
36 12
37 25
38 32
39 21
40 17
41 26
42 41
43 24
44 14
45 18
46 12
47 13
48 44
49 45
50 49
51 49
52 8
53 41
54 53
55 41
56 36
57 4
58 14
59 38
60 16
61 2
62 60
63 31
64 2
65 9
66 62
67 26
68 9
69 37
70 13
71 68
72 33
73 23
74 28
75 22
76 62
77 69
78 6
79 55
80 67
81 29
82 50
83 16
84 78
85 43
86 8
87 18
88 25
89 43
90 67
91 24
92 11
93 59
94 22
95 85
96 21
97 51
98 49
99 93
100 30
101 53
102 14
103 54
104 80
105 47
106 52
107 36
108 98
109 48
110 43
111 109
112 34
113 53
114 43
115 50
116 96
117 91
118 66
119 26
120 117
121 47
122 56
123 8
124 112
125 55
126 15
127 33
128 85
129 15
130 74
131 13
132 64
133 126
134 84
135 58
136 24
137 29
138 96
139 16
140 9
141 37
142 75
143 93
144 96
145 59
146 134
147 117
148 17
149 132
150 81
151 59
152 19
153 13
154 92
155 94
156 107
157 85
158 82
159 147
160 123
161 144
162 36
163 130
164 73
165 26
166 137
167 19
168 149
169 32
170 44
171 126
172 125
173 62
174 148
175 84
176 64
177 22
178 168
179 129
180 126
181 79
182 136
183 152
184 36
185 161
186 124
187 127
188 184
189 182
190 30
191 124
192 61
193 55
194 189
195 79
196 175
197 179
198 184
199 21
200 183
201 15
202 85
203 149
204 10
205 136
206 91
207 179
208 33
209 93
210 49
211 69
212 154
213 72
214 176
215 124
216 15
217 16
218 200
219 6
220 51
221 37
222 105
223 213
224 138
225 143
226 22
227 4
228 177
229 14
230 177
231 79
232 153
233 49
234 39
235 19
236 182
237 195
238 42
239 108
240 162
241 160
242 160
243 17
244 7
245 97
246 151
247 178
248 168
249 30
250 85
251 70
252 214
253 132
254 187
255 186
256 39
257 108
258 130
259 213
260 258
261 18
262 94
263 182
264 75
265 41
266 22
267 10
268 226
269 143
270 155
271 58
272 99
273 154
274 251
275 98
276 210
277 180
278 145
279 105
280 197
281 177
282 198
283 159
284 205
285 239
286 10
287 252
288 22
289 264
290 240
291 229
292 10
293 85
294 173
295 95
296 61
297 40
298 105
299 250
300 82
301 63
302 104
303 185
304 45
305 33
306 186
307 196
308 281
309 250
310 51
311 300
312 233
313 202
314 114
315 312
316 262
317 226
318 283
319 64
320 81
321 155
322 279
323 272
324 55
325 219
326 44
327 64
328 37
329 28
330 19
331 302
332 168
333 171
334 125
335 247
336 207
337 300
338 10
339 214
340 257
341 188
342 22
343 85
344 122
345 284
346 41
347 66
348 59
349 335
350 252
351 86
352 249
353 158
354 334
355 48
356 326
357 347
358 25
359 267
360 190
361 113
362 62
363 153
364 198
365 330
366 148
367 168
368 127
369 53
370 300
371 151
372 266
373 240
374 333
375 40
376 153
377 76
378 323
379 36
380 351
381 105
382 205
383 161
384 359
385 96
386 15
387 233
388 144
389 276
390 303
391 144
392 134
393 85
394 320
395 34
396 247
397 266
398 340
399 394
400 23
401 350
402 366
403 396
404 147
405 241
406 310
407 92
408 203
409 100
410 170
411 390
412 318
413 243
414 186
415 245
416 119
417 393
418 127
419 21
420 124
421 266
422 97
423 327
424 217
425 6
426 188
427 159
428 349
429 215
430 1
431 107
432 4
433 113
434 161
435 382
436 293
437 130
438 411
439 241
440 348
441 137
442 389
443 139
444 388
445 317
446 374
447 324
448 411
449 414
450 313
451 232
452 114
453 249
454 418
455 298
456 15
457 102
458 34
459 147
460 413
461 113
462 241
463 297
464 94
465 446
466 405
467 259
468 330
469 309
470 193
471 255
472 275
473 169
474 150
475 366
476 239
477 158
478 384
479 408
480 393
481 438
482 400
483 36
484 137
485 83
486 377
487 437
488 428
489 139
490 163
491 109
492 395
493 178
494 139
495 315
496 171
497 470
498 284
499 106
500 479
501 405
502 98
503 461
504 210
505 275
506 200
507 124
508 186
509 483
510 172
511 197
512 179
513 243
514 329
515 138
516 15
517 238
518 251
519 298
520 124
521 335
522 320
523 19
524 166
525 254
526 391
527 430
528 257
529 105
530 431
531 71
532 436
533 93
534 306
535 292
536 157
537 33
538 368
539 313
540 502
541 229
542 182
543 12
544 204
545 437
546 288
547 474
548 349
549 285
550 367
551 532
552 23
553 85
554 480
555 420
556 305
557 491
558 437
559 512
560 260
561 327
562 16
563 298
564 417
565 113
566 151
567 34
568 344
569 304
570 320
571 27
572 468
573 332
574 190
575 386
576 485
577 27
578 400
579 508
580 190
581 402
582 212
583 400
584 546
585 235
586 155
587 107
588 7
589 371
590 513
591 87
592 64
593 387
594 494
595 169
596 271
597 488
598 415
599 13
600 245
601 27
602 313
603 41
604 543
605 517
606 592
607 337
608 549
609 249
610 113
611 208
612 54
613 331
614 79
615 286
616 560
617 399
618 164
619 603
620 20
621 69
622 594
623 19
624 518
625 5
626 58
627 470
628 288
629 627
630 249
631 401
632 538
633 569
634 210
635 605
636 450
637 107
638 573
639 306
640 49
641 265
642 498
643 110
644 422
645 560
646 433
647 451
648 395
649 595
650 237
651 616
652 424
653 93
654 242
655 27
656 521
657 57
658 516
659 613
660 264
661 48
662 247
663 319
664 95
665 124
666 318
667 661
668 419
669 454
670 592
671 248
672 659
673 129
674 146
675 602
676 294
677 378
678 22
679 142
680 664
681 440
682 392
683 106
684 190
685 465
686 620
687 560
688 352
689 465
690 635
691 631
692 49
693 257
694 256
695 85
696 66
697 246
698 683
699 403
700 536
701 37
702 641
703 151
704 658
705 566
706 278
707 314
708 296
709 558
710 179
711 48
712 382
713 692
714 349
715 616
716 410
717 528
718 50
719 64
720 672
721 328
722 87
723 502
724 207
725 358
726 253
727 115
728 625
729 409
730 94
731 57
732 169
733 26
734 448
735 425
736 74
737 215
738 347
739 623
740 456
741 649
742 654
743 476
744 692
745 336
746 184
747 425
748 207
749 729
750 69
751 246
752 743
753 231
754 448
755 614
756 692
757 245
758 263
759 109
760 12
761 437
762 367
763 371
764 353
765 240
766 368
767 453
768 683
769 77
770 495
771 610
772 587
773 356
774 696
775 10
776 451
777 73
778 443
779 611
780 359
781 135
782 190
783 673
784 103
785 352
786 2
787 260
788 606
789 425
790 443
791 349
792 617
793 239
794 707
795 457
796 542
797 298
798 635
799 240
800 132
801 262
802 668
803 518
804 258
805 100
806 633
807 62
808 416
809 102
810 105
811 619
812 402
813 354
814 546
815 376
816 472
817 232
818 726
819 601
820 117
821 733
822 7
823 23
824 778
825 29
826 447
827 765
828 615
829 693
830 171
831 451
832 158
833 137
834 432
835 275
836 25
837 500
838 392
839 289
840 817
841 585
842 396
843 506
844 724
845 475
846 12
847 749
848 309
849 122
850 741
851 572
852 461
853 531
854 651
855 483
856 446
857 608
858 241
859 219
860 454
861 285
862 658
863 824
864 489
865 287
866 322
867 586
868 324
869 93
870 107
871 811
872 7
873 41
874 584
875 749
876 651
877 545
878 351
879 253
880 519
881 96
882 504
883 44
884 116
885 867
886 367
887 632
888 787
889 301
890 468
891 408
892 574
893 533
894 401
895 370
896 402
897 458
898 315
899 220
900 471
901 348
902 35
903 846
904 670
905 350
906 516
907 655
908 453
909 90
910 821
911 818
912 371
913 425
914 292
915 153
916 353
917 511
918 819
919 305
920 852
921 330
922 14
923 568
924 456
925 724
926 413
927 297
928 488
929 11
930 267
931 252
932 42
933 574
934 569
935 297
936 784
937 772
938 799
939 353
940 371
941 851
942 348
943 557
944 162
945 295
946 449
947 634
948 889
949 899
950 331
951 918
952 216
953 644
954 739
955 410
956 412
957 420
958 186
959 946
960 296
961 8
962 539
963 861
964 394
965 321
966 400
967 231
968 521
969 151
970 243
971 294
972 640
973 852
974 805
975 743
976 889
977 243
978 775
979 975
980 170
981 579
982 529
983 843
984 574
985 100
986 551
987 135
988 204
989 336
990 738
991 871
992 633
993 950
994 564
995 9
996 712
997 879
998 524
999 73
1000 597
2 29
1 708 85515
1 773 90879
1 83 90925
1 516 47919
1 383 20997
2 844
2 607
2 456
2 386
1 237 69040
2 807
2 852
2 264
2 754
2 27
2 167
2 176
1 960 38276
2 764
2 774
2 427
1 385 6597
2 388
1 555 61233
2 89
1 394 13918
1 725 79490
2 389
2 25
2 314
2 475
1 548 34086
1 795 76734
1 114 2138
1 9 31780
2 255
2 568
1 256 54743
2 56
1 207 12961
2 412
2 925
1 491 96595
1 196 84972
2 498
2 694
1 729 94405
2 228
2 282
1 120 54784
2 293
2 752
2 53
1 228 54713
2 791
1 457 62972
1 698 45318
2 340
1 406 36999
2 647
2 412
1 390 96275
2 219
1 887 42964
1 627 67773
2 658
2 709
1 740 37318
2 847
2 214
1 142 51675
2 864
1 424 7338
2 528
1 637 7298
1 914 65419
1 428 32448
2 94
2 938
2 216
1 500 5047
2 108
1 150 16854
2 597
1 689 9895
1 784 17758
2 412
2 629
1 598 52550
2 897
2 903
2 768
1 632 15026
1 824 96988
2 842
2 886
2 362
2 642
2 181
2 278
2 359
1 212 84416
1 899 28619
2 462
1 584 44225
2 912
1 359 68559
1 145 4614
1 803 47490
2 270
2 890
2 790
2 512
1 910 32751
2 425
2 567
2 267
2 204
2 906
2 129
1 339 84201
2 141
2 384
2 235
1 438 21115
1 790 88258
1 642 78924
1 278 93486
2 771
1 543 21315
2 823
2 272
2 21
2 181
1 795 22499
1 65 41770
1 186 99240
1 981 12983
1 873 38972
2 223
2 87
2 948
1 698 48805
1 55 61225
2 832
1 710 56087
1 109 88652
2 520
2 438
1 39 53566
1 879 15430
1 400 79878
1 771 58371
1 925 89562
2 62
2 140
1 437 86507
2 540
2 751
1 991 54803
1 85 36030
1 582 59703
1 531 13972
1 974 51252
1 221 96797
1 314 16232
2 308
1 44 33173
2 343
2 537
2 94
1 778 45172
2 458
2 947
2 743
1 673 85763
1 350 51541
1 709 60307
2 723
1 879 20808
1 438 75049
2 332
1 933 14501
1 466 14881
2 782
2 959
1 215 65167
2 786
2 857
1 13 99709
2 601
1 711 99395
2 54
2 503
2 947
1 950 69303
2 128
2 482
2 481
2 754
2 981
1 7 44896
1 774 1831
1 98 41846
2 578
1 419 40238
1 588 69702
1 925 11819
1 711 21751
2 650
2 789
2 60
1 759 20937
1 866 12038
2 124
1 500 74157
1 168 25850
2 555
1 387 90350
1 28 57690
2 117
1 708 8220
1 424 58873
1 640 76533
1 275 81888
1 207 41181
2 82
2 76
2 720
2 939
1 351 46144
1 302 12279
1 622 88694
2 812
1 205 16818
2 623
1 234 54741
1 110 51006
1 887 32370
1 1000 75399
2 110
2 830
2 281
2 982
2 717
1 306 95041
2 986
2 432
2 245
1 29 34680
2 49
1 755 84511
1 191 17047
2 122
1 756 69098
2 509
2 848
2 830
1 499 1995
2 320
1 638 74365
2 836
2 530
1 335 37822
2 961
2 981
2 999
2 418
2 935
2 711
2 861
2 810
1 563 43765
2 756
1 388 13778
1 390 63730
1 584 84231
2 499
2 601
1 405 88433
2 422
1 624 19423
2 314
2 391
2 698
1 726 25003
2 914
1 73 20903
1 113 9878
1 74 14558
2 577
1 470 6239
2 703
1 333 70951
2 689
1 611 66939
1 879 95116
1 505 2112
1 731 85029
2 180
2 417
2 764
1 836 36394
1 225 67353
1 918 72716
2 85
1 892 99680
2 416
1 908 4243
2 144
2 523
1 282 36427
2 508
2 159
1 716 16322
1 576 64838
2 676
2 838
2 221
2 872
2 962
2 971
2 320
1 970 95060
2 371
2 685
2 371
1 953 83625
2 337
1 602 4501
1 776 22976
2 929
2 100
1 935 53969
2 611
1 586 81949
1 453 71512
1 555 97072
2 128
1 598 27413
1 121 57693
1 263 57204
2 599
1 734 32164
2 519
1 887 17764
2 762
2 177
1 479 55256
2 605
1 403 28099
2 277
1 714 87380
2 764
2 222
2 782
2 623
2 50
1 742 61722
1 894 42702
2 680
1 229 89834
1 540 62487
1 448 25734
1 345 68898
1 548 24208
1 704 50597
2 555
2 746
1 202 1878
1 310 8035
2 998
2 354
1 985 45092
1 267 2833
2 809
1 128 6354
2 783
2 919
2 303
1 408 60001
2 149
1 990 72817
1 303 82582
1 627 54774
2 813
2 988
2 886
1 694 2113
1 487 40091
1 297 34258
1 601 28804
1 387 76207
1 152 87513
1 861 15095
1 374 711
2 240
2 478
2 386
2 818
2 47
1 843 46962
2 455
2 631
2 433
2 362
2 776
1 821 64543
2 583
2 673
2 834
2 440
1 13 79516
2 177
2 114
1 213 71997
2 591
2 363
1 242 8630
1 60 66124
1 41 14469
1 541 47771
1 910 77473
2 969
1 868 49888
1 188 95460
2 891
2 169
2 803
2 109
1 919 42836
1 738 47421
2 296
1 235 27761
1 568 71942
2 4
1 651 91732
2 328
1 272 48506
1 157 92518
1 815 2768
2 602
2 714
1 508 73365
2 645
1 556 57369
1 598 33235
1 943 90188
1 586 25897
2 929
2 296
1 802 65365
1 60 76719
1 549 59015
2 558
1 945 66701
2 629
1 127 81281
1 726 20332
1 257 23270
1 815 31696
2 785
2 578
1 417 22925
2 287
1 435 71594
2 987
1 60 47222
2 481
2 412
1 774 22674
2 97
1 826 70024
2 286
2 831
1 631 70466
2 417
1 675 77702
1 372 9511
2 242
1 171 87590
2 40
1 967 9720
1 719 44324
1 773 8530
2 792
2 67
2 391
2 994
2 271
2 626
2 59
2 365
1 636 50557
1 509 97286
1 878 97151
1 161 69364
2 743
1 179 7286
1 540 65367
1 235 41619
1 364 96873
1 821 20130
1 693 59477
1 379 81179
1 420 51381
2 263
2 536
2 76
2 415
2 499
1 187 85645
1 469 35206
1 483 43642
2 830
1 258 56309
2 577
2 727
1 272 18732
1 337 17962
2 374
1 570 6584
2 476
1 605 90927
1 282 60835
2 968
2 225
2 94
2 654
2 498
2 354
1 764 72094
2 873
2 905
2 865
1 178 92502
1 536 89204
2 474
1 797 39557
1 187 13632
1 951 80447
2 468
2 195
1 687 6957
1 363 49445
1 4 39561
2 836
2 881
1 171 83559
1 256 22862
1 1 25250
2 337
2 202
2 484
1 56 43415
1 770 923
2 214
1 159 51524
1 807 31126
2 681
1 890 76909
1 498 10669
1 773 71386
1 818 53104
1 659 4966
2 867
2 619
2 814
2 716
1 634 49234
1 867 2694
1 320 95193
2 402
2 341
2 959
1 760 55723
2 770
2 47
2 717
2 911
2 999
1 545 11474
2 202
2 842
1 289 83981
2 485
1 726 8464
1 331 48588
1 60 25341
2 551
1 788 40970
1 367 98008
2 840
1 404 63349
1 653 49293
1 530 74259
1 742 26073
2 576
2 248
1 298 17982
1 515 46592
1 331 48125
2 135
2 513
1 716 50028
1 680 79017
2 718
1 173 1064
1 204 71730
2 190
1 952 83156
2 395
1 123 99909
1 262 97418
2 269
2 294
2 83
1 997 42096
1 391 3002
2 523
2 112
1 314 65416
2 412
2 111
1 961 78525
2 673
2 313
1 947 53596
1 323 1906
2 159
1 171 41152
1 780 20963
1 781 43138
1 442 15457
1 186 64169
1 261 68977
1 532 16181
1 128 91308
1 375 20277
1 984 88047
2 264
1 660 3158
1 61 50223
2 262
2 520
2 818
2 305
1 737 34264
2 732
1 3 53556
2 825
2 160
2 94
2 256
1 519 13884
1 314 82983
1 315 47715
1 612 92043
1 724 14237
2 10
1 982 69732
1 91 72612
2 105
1 652 30360
2 854
1 801 20982
2 961
1 49 59351
2 377
2 901
2 812
1 403 76551
2 423
2 523
1 982 48606
2 521
1 877 64906
2 57
1 918 35828
2 746
2 53
2 40
2 964
2 943
1 518 91420
2 132
1 981 2630
2 849
2 959
2 339
2 819
2 819
1 990 17765
1 225 27681
2 991
2 100
1 628 86176
2 495
1 717 93090
1 18 79396
2 34
2 287
2 323
1 666 690
1 438 8785
2 311
1 152 19131
2 273
1 905 788
1 426 99068
2 23
1 80 24442
2 884
1 846 27253
1 64 53018
2 242
1 219 60417
2 151
2 511
1 819 30568
1 373 97756
2 273
2 482
2 41
1 60 8580
2 713
2 892
2 327
1 165 63527
1 866 22265
1 473 18257
1 838 72534
1 866 1264
2 401
2 564
2 85
2 775
2 458
2 894
2 286
1 794 28066
2 145
2 995
2 965
2 192
1 885 29277
2 337
1 904 5365
2 913
1 785 43755
2 15
2 271
1 760 74916
1 35 95858
1 363 6002
2 100
1 231 80282
1 173 37554
2 485
2 15
1 436 62748
2 135
2 986
1 497 16275
1 745 60025
1 787 55945
2 854
1 619 33344
2 879
1 890 72875
1 789 31640
1 659 87377
2 492
1 652 10863
2 723
1 469 7983
1 613 34791
2 253
1 816 74885
2 899
2 927
2 900
1 152 25029
2 113
1 490 85717
1 511 35592
1 497 9550
2 379
1 886 35085
1 435 80250
1 20 98023
2 83
1 700 970
1 805 85021
2 470
2 730
1 660 19752
2 984
2 180
2 308
2 596
1 964 67281
1 311 1441
2 692
2 254
1 297 50469
1 757 93615
1 382 64323
2 588
2 209
2 58
2 428
1 70 2460
2 232
2 736
2 776
2 596
1 769 6027
1 923 40390
1 394 94026
1 30 30612
2 256
1 140 40987
1 509 55275
2 247
2 264
2 511
1 260 34532
2 374
2 884
2 255
1 16 71713
1 424 97346
1 511 97360
1 881 93014
1 750 28313
1 343 19420
1 488 10358
2 261
1 632 56802
2 172
2 249
1 911 94289
1 882 77868
2 64
1 411 3315
1 34 89913
2 490
2 323
2 744
2 465
2 574
1 989 59987
1 981 15581
2 352
2 130
1 833 24604
1 720 81478
1 943 51404
1 293 12296
1 817 72897
2 707
2 394
2 956
2 716
1 538 95959
2 161
1 705 92043
1 171 80554
1 52 92313
2 333
2 751
1 919 72467
2 480
2 578
2 497
1 626 21133
2 63
1 694 86339
2 838
2 693
1 209 21209
2 45
2 641
2 19
1 128 25051
2 643
1 63 87181
2 416
1 769 29325
1 921 65277
2 603
2 968
2 368
2 14
2 266
2 583
1 100 53538
1 924 67207
2 4
1 112 26944
1 242 83776
1 745 72865
2 675
2 520
1 430 34175
2 164
2 951
1 198 84459
2 241
2 490
2 486
1 70 2545
2 347
1 374 61398
1 321 29676
2 189
1 497 76999
1 555 6929
2 550
2 18
1 242 5830
2 837
1 457 51350
1 316 15122
2 895
2 81
2 53
1 153 11167
2 471
2 856
2 959
2 884
1 767 78520
1 662 86597
2 946
2 321
1 6 96154
1 218 98404
2 567
1 956 36148
1 691 76734
1 180 95918
1 605 2358
2 330
2 98
2 971
1 558 24804
1 721 81159
2 284
1 990 97090
2 694
1 54 62508
2 713
2 483
2 649
1 756 87598
2 439
2 790
1 114 33453
1 140 96556
2 303
1 87 23092
1 810 42927
1 972 367
1 805 55455
1 359 90463
1 18 37268
2 463
1 712 75912
2 223
2 709
2 825
1 174 59462
1 973 37249
1 631 4948
1 964 67461
2 33
2 52
2 59
1 606 90135
1 848 16182
2 117
1 696 47866
1 145 66826
1 644 25059
1 30 51339
1 33 2564
1 301 4787
2 634
1 249 24487
2 949
1 683 60879
1 837 27635
1 289 88789
2 3
2 106
1 633 42275
2 932
