8624801632
-13145308460
4974506342
-1453551422
8536191905
7071044625
4224008257
-3332067644
-5791440272
-3461494320
16699580711
6652390689
-1438095800
-3608621470
-4226553175
-6907728447
329595939
-5207517887
500481000000000
500480000000000
-9497292496
4705622278
-5348189293
-13619417737
-175940663
500474000000000
5748410958
872366136
4857620259
13253466393
-17109179140
-9137419397
2644842945
2549012322
-15713975888
-8353560137
-10411171925
903840167
-8174414105
4170750979
2201566242
-557498027
956573713
9500103931
6971613659
-16678221684
-4637333099
-1315021447
9655910271
-7034423980
5749628731
-2647273981
-3511853022
-1996146756
5718952424
2172405404
5262315333
-5973716886
7592928182
-1463080263
-912903215
-7808037773
2659678705
-1274044050
-2591214922
499958000993892
-4238820470
-2118859550
-818668524
-5878491048
-4317206006
12264608039
5463996152
500426000000000
493726292
500424000000000
-2295165865
500422000000000
-2171176401
2673634177
-589534107
-1672996234
4777679806
-687244709
-1948621742
-3147319202
5683958970
-5257838391
-2025381906
-850178649
502434241
9069135300
1657905383
485641618
-1315117234
-10406410570
-439294636
-2317535645
-1339279624
500400000000000
-1961468379
-7444475723
-8686291437
-8317894439
-7056671368
-69599006
500393000000000
-5742881685
-3508933688
2951263774
3107828267
-700656270
-5212077199
499779013877841
3204917287
7716999609
6886643199
-4009133397
2007129003
2181670871
-2101099023
-9869047166
500377000000000
6729337772
-1322144993
2499605225
-17854684
249698885
50763794
6512755898
-2354638492
3381010730
2913281673
-2742210322
-8008145182
5152450821
-9714654119
-7649712807
816689592
-2246219292
4274445371
-690427890
858365775
-5098093764
-9162381919
756740995
-2773702175
-2074582451
2728170434
-4484967632
1074737369
974986094
-3132558422
-11262101736
6464163085
-210502981
4703483592
3203124949
4421863584
1712819862
-578919883
-10372450752
2019532413
14930412090
-8748131332
-3596670577
-9773784622
-12493991042
-556950271
155642891
-2846137262
6953670050
6245602948
10876740157
-3523760661
8516210202
-212374915
500322000000000
-7831494450
4634706429
-137501191
6955895808
-13360860223
-2103409663
-7123088926
-9897420676
-278109751
1522916354
3723593625
2098493736
-6498582473
-4790554110
-5559964158
-7757874858
9620515922
-8335997828
1010007857
500302000000000
500301000000000
222738038
1358719613
4019558901
476033043
6017796643
4274656566
6284447788
108944226
-7307906218
500291000000000
9394931198
-1130738689
-2856793303
14688003928
500286000000000
-11654908595
-1480057859
-972259017
-2033174664
-5245857810
-8811945341
-11504997615
-6553410286
-3572765387
1285646365
-3025127180
-8808178227
-8194341092
500272000000000
10014659234
-1825260205
-12993616953
-8917676200
715301011
500266000000000
-7534148192
-3662348941
6011498676
-4012420978
-1097554167
-97496628
-3602319963
-5734119385
2559486950
8682451678
1016531137
6616886946
1760744038
500023994074280
-2048568801
5325529346
-12233270868
-6189698464
500247000000000
-3846893715
313839630
2058969480
-3785021053
-12320900297
-4255132258
-560374085
1901329864
-10646897156
3185944860
-6035731083
3115730653
-4497470568
-3650991769
500232000000000
490745890
2698673319
-4497574728
3007749376
-4596855528
6441817778
-2034388226
6341888687
500223000000000
500222000000000
-9192638847
-2176347355
-3154487131
-9468128163
-10603048
-5235711956
3085744678
7584853323
1274704480
3620513262
-3761295696
14091535257
-9197196026
-7835961629
500207000000000
-8951235032
4955079820
10200696206
793634091
273518979
-15393228016
2641760241
-1398632368
-4554984382
-1007111382
-3011876611
-3536410264
12487632140
3227808954
4129014630
-325298342
-11323165519
-1986774293
4968271621
-7340529435
1400079806
-6069330776
-8784010594
-1738827268
-9714639718
-2727956644
2032700656
4591123635
-9064992489
-2927875019
296276048
-4695458247
-617424392
500173000000000
751425080
4963546856
-12053825614
7102101922
-39591743
3575987580
69748371
-8648280396
-6623747339
572111981
1754258059
7285102333
492486656
539950754
1244986858
3083999251
16196610393
-7580042954
228220847
-4996149689
-5491501574
631475891
2988931507
-712467789
6982774629
8176767129
1043228539
500145000000000
2538427929
3091538500
-7803707829
-6797656603
-7133130136
500139000000000
500138000000000
2873685735
498050979063759
11902273170
3081997644
3599175378
-10073207986
499776001448755
-1085306894
-970732640
284130886
-8256593896
5047678670
4632239729
1542546261
-13413009749
-764908722
-6060887091
11395603910
500043000259996
1677942068
-2763201088
604087714
-7827589346
8046756339
10622230619
2554398130
4239196681
-12307394938
2230753118
727335514
4197092574
-1406311316
-10806537452
3392331358
-8656602118
-3753723880
500101000000000
500100000000000
7930271712
-17099723725
8643314162
1298372130
-6118512256
982351933
-7643972937
4451013395
1747290034
6365485489
-11840964621
5271829388
-3920583875
5964169348
-11361931478
6620950929
2064267761
-4934693073
-5622344468
-13587482231
5196008403
-1585612329
-5694649526
-13007272500
5687963615
-14824291066
1344223370
-6483649112
4839284124
4350731785
-2635994798
5337978584
-739187162
500066000000000
-3841745221
691869051
-394402490
-7977977441
-3748948131
1632283982
-19668043328
381108373
5230786131
16906631580
-2122894809
-4667526796
5829323344
-4700912651
-8854648827
9522039841
-733022166
7623393354
499504995038396
500046000000000
-336508322
-12363857046
-3362484155
-4834048051
-2053244121
-9091416038
-4439116754
-1297043384
484728270
-14063290771
500035000000000
8279683561
3812918005
-521279491
-822655332
-4335473515
5590802694
6475655790
6835203745
957437863
-5471229093
8741827015
-4444574785
-1475578082
-771794243
8123669946
8273119393
1515587710
-4701470791
-3768255831
3714944084
15149836905
532324164
634869133
1376920123
-1945198194
-2604813101
334290115
6472322022
500006000000000
-3873441988
2575839097
-2669875594
-2044010819
5487717679
500000000000000
11463685999
-8447539415
-10335080363
3727135832
2446721595
10048705251
-1350980134
-209647339
1937287056
1870979081
-1607128766
-10609068499
9537330178
-1343862328
-10774196632
8396391412
-2096770453
499982000000000
4301833322
1969267939
11276667554
-2718961197
189892896
7431698468
9256177095
497524959976253
1184005710
5970635349
2537340416
1471238573
1525398704
-6294460943
499967000000000
6009769061
6086615777
1367630290
-1961657643
-4532084451
-4792115758
4160537539
-1018113078
5224874935
499957000000000
5824016714
6735904573
-1588871964
-7685534016
-1351541108
1067715329
6213222379
-3984937736
-4148118446
-259849178
-10637331592
-3672294987
-5326726666
-2369752706
8854979315
-4027419797
2098072465
-2996908583
9346503805
5657728827
4753296997
-9052043340
8182192430
-3347042720
2951706195
-5171669105
6743914377
6968833451
499928000000000
3662460156
-1003045063
499925000000000
-8846915014
69250401
5984111427
5666021289
-4123037509
499898999762460
498663978234006
-1097151158
-5656657602
5127629872
-10748997146
719893301
-175651298
2915243374
-4656000479
-8788976928
-165339157
567384582
7588599888
-2205211124
-8545649283
-5597587860
499902000000000
6384574209
3039800484
-6413782976
2860324993
2024213700
5563928124
-2743901523
-9046618392
499893000000000
9577951272
18927307509
11310903620
-3991592714
-12504362642
2128964965
-8522082871
6093341546
-8500825046
12492415721
2806756527
4659418992
6610273497
-272261132
-15239430480
-5769407592
-6960212156
-13377270974
-14763615717
-10954886310
-3552814512
499871000000000
3823763886
4806880672
-8497439985
16116189098
7922632810
-15351299368
3051704482
12700963088
-7089585166
56708051
-1831774076
869710470
1693825664
-5506990508
-15447732861
-6120124882
1237716839
4446231901
-13718483420
2706664227
13940365663
2377155771
-459242006
-2486015347
-2503156281
-3897012012
-4182686731
6652763106
7527283538
499841000000000
9670512427
-6924500786
1312257963
16786183621
-7875924876
-7717641090
499834000000000
-321465249
-3851873657
-9219799742
-957886507
-6032582161
2146569566
1557106409
-6260069959
2033056959
6835139251
499823000000000
-3878735270
10171033148
510046404
9084386772
-3598289912
-6184407199
-858610771
7146530821
1838429007
-6759211775
-10521193986
2246153969
-3562411717
-7149921048
2259428140
499807000000000
4213085375
-1121530521
-3789718747
-4027211343
-13144066604
499801000000000
5285876285
4211924528
-11810105107
2625184149
895804427
2860995014
85985013
168308150
-4118846711
3670919508
6769466400
-1892123564
9061443247
7403015464
-9905099961
4163331355
7620813950
2791362898
134660706
4943287385
5086667108
-6341824739
-2398141712
-8201305720
1482231863
-2626425094
-13062975406
499773000000000
-6162050533
-1277630217
4872767128
499769000000000
5852413990
499273003792438
6522389310
2178662800
-8909257567
498923994554890
-181329343
-732912474
-4607996047
2182182118
10890032233
10863169605
1126302126
499755000000000
3679878110
2590976030
2216015541
2166248961
-112334182
5232825026
1223049825
-7141249762
-2882461013
1408081126
2201228772
7941681116
2496952441
2659883792
8946253
-20579426
1464941212
-1987403865
7183132667
499735000000000
-1988361894
-992875052
-4172947149
-1316100344
11514548850
-12110993623
12575296222
568184267
1747540044
2447375017
-2201481324
-506914902
499722000000000
-2100882283
-19596324
3930366873
-3274874677
-2511099864
-2749839292
703751546
12292183981
9356976425
-2626337206
-1263040118
9716720060
5215736789
1977605355
-9230567914
-7059371888
-4052805808
-1743833515
9253540932
-6627325237
198264362
3722638565
-3401843171
10044008021
-6179684664
-4614173231
2404401623
238925950
3678765824
-1537624594
14820564776
-4829554386
-5606903350
705704557
12241735761
8842333858
-8835407863
-271183436
-423056048
1477254730
-10545351061
4551844216
-9235546738
3797978531
453186533
-2736356953
2791108630
1724978458
10895422035
-4351204234
3626332659
2719068923
-12843425302
-1618516361
-778472960
-6828581540
485283868
221908192
113232708
-8779531116
499661000000000
-2114947654
-542425762
-2898180541
-986964004
-8415542838
-4256758585
-4058095873
-7794005304
499652000000000
-801470244
-3474793763
41245842
-6782634728
463254050
4950320764
4800940826
-2941971922
799909498
5953216662
499641000000000
-8811094369
-11662509187
4299859588
7411420556
-3823755011
-3393574232
5156862228
-15939771758
1765177231
2867106644
131697866
942098738
16495889764
4482738015
5991291455
-3499295724
4413562545
-306308157
-13386094480
499621000000000
8564587496
-1052956097
2336240740
-15567822914
499616000000000
3185792885
-1241763461
499613000000000
-6560179691
-268698445
8633797166
6949685116
2664714397
-6728533259
6995233080
-1584875796
4798783406
-7186181888
-163750756
5131398543
116786618
1377949511
-211061261
7985492496
2199636614
6697172031
365826445
7902858116
5017424403
766093906
2889554086
5389196111
5292639316
-10861265947
-13510226910
5404581381
-14564156429
499583000000000
498414988736074
-1777522511
3248704588
6142698477
921456861
-6038212177
2581581793
11604272287
5333552215
4325673320
-4791775606
2528665030
13827871111
-2305508418
-2213580100
499567000000000
-3840637617
-6047428764
-1492387386
-2996382033
8961870155
3009942126
499560000000000
-11721562279
2998476600
5007708323
143335845
1631708645
-2057415373
9164250409
5675173372
8729645571
-8802073426
3075190728
8703580891
5935901774
-784892196
-4966537473
761749853
3089191198
4410462204
-1396408118
2873918000
-6334487576
4813608501
13180451755
734572487
-1324451307
7799840191
-5967833673
-868886337
5621448224
-3819523316
5049976034
1134413118
986249615
-7668386670
6764298855
-6772587938
2860162801
-2000640153
2084373483
-4769691699
-5022442374
1194127042
-1122565151
-2279974043
3184472517
-2292702628
-10688269376
1494088443
-840864842
7464867543
8401836048
3855835308
123408501
7036284704
-225517858
5032992739
9640332679
-1473486719
-7119831361
995690003
