61 7405
126 0
135 0
143 0
154 0
214 0
223 0
238 0
247 0
256 0
265 0
315 0
327 0
336 0
344 0
351 0
362 0
373 0
416 0
424 0
439 0
448 0
455 0
463 0
477 0
482 0
513 0
528 0
537 0
542 0
559 0
561 0
574 0
585 0
596 0
615 0
623 0
639 0
648 0
657 0
662 0
676 0
684 0
714 0
725 0
733 0
746 0
751 0
767 0
772 0
816 0
827 0
838 0
845 0
854 0
863 0
912 0
924 0
936 0
943 0
955 0
-111 -1210
-112 -1220
-113 -1230
-114 -1240
-115 -1250
-116 -1260
-117 -1270
-118 -1280
-119 -1290
-111 -1310
-112 -1320
-113 -1330
-114 -1340
-115 -1350
-116 -1360
-117 -1370
-118 -1380
-119 -1390
-111 -1410
-112 -1420
-113 -1430
-114 -1440
-115 -1450
-116 -1460
-117 -1470
-118 -1480
-119 -1490
-111 -1510
-112 -1520
-113 -1530
-114 -1540
-115 -1550
-116 -1560
-117 -1570
-118 -1580
-119 -1590
-121 -1310
-122 -1320
-123 -1330
-124 -1340
-125 -1350
-126 -1360
-127 -1370
-128 -1380
-129 -1390
-121 -1410
-122 -1420
-123 -1430
-124 -1440
-125 -1450
-126 -1460
-127 -1470
-128 -1480
-129 -1490
-121 -1510
-122 -1520
-123 -1530
-124 -1540
-125 -1550
-126 -1560
-127 -1570
-128 -1580
-129 -1590
-131 -1410
-132 -1420
-133 -1430
-134 -1440
-135 -1450
-136 -1460
-137 -1470
-138 -1480
-139 -1490
-131 -1510
-132 -1520
-133 -1530
-134 -1540
-135 -1550
-136 -1560
-137 -1570
-138 -1580
-139 -1590
-141 -1510
-142 -1520
-143 -1530
-144 -1540
-145 -1550
-146 -1560
-147 -1570
-148 -1580
-149 -1590
-211 -2210
-212 -2220
-213 -2230
-214 -2240
-215 -2250
-216 -2260
-217 -2270
-218 -2280
-219 -2290
-211 -2310
-212 -2320
-213 -2330
-214 -2340
-215 -2350
-216 -2360
-217 -2370
-218 -2380
-219 -2390
-211 -2410
-212 -2420
-213 -2430
-214 -2440
-215 -2450
-216 -2460
-217 -2470
-218 -2480
-219 -2490
-211 -2510
-212 -2520
-213 -2530
-214 -2540
-215 -2550
-216 -2560
-217 -2570
-218 -2580
-219 -2590
-211 -2610
-212 -2620
-213 -2630
-214 -2640
-215 -2650
-216 -2660
-217 -2670
-218 -2680
-219 -2690
-221 -2310
-222 -2320
-223 -2330
-224 -2340
-225 -2350
-226 -2360
-227 -2370
-228 -2380
-229 -2390
-221 -2410
-222 -2420
-223 -2430
-224 -2440
-225 -2450
-226 -2460
-227 -2470
-228 -2480
-229 -2490
-221 -2510
-222 -2520
-223 -2530
-224 -2540
-225 -2550
-226 -2560
-227 -2570
-228 -2580
-229 -2590
-221 -2610
-222 -2620
-223 -2630
-224 -2640
-225 -2650
-226 -2660
-227 -2670
-228 -2680
-229 -2690
-231 -2410
-232 -2420
-233 -2430
-234 -2440
-235 -2450
-236 -2460
-237 -2470
-238 -2480
-239 -2490
-231 -2510
-232 -2520
-233 -2530
-234 -2540
-235 -2550
-236 -2560
-237 -2570
-238 -2580
-239 -2590
-231 -2610
-232 -2620
-233 -2630
-234 -2640
-235 -2650
-236 -2660
-237 -2670
-238 -2680
-239 -2690
-241 -2510
-242 -2520
-243 -2530
-244 -2540
-245 -2550
-246 -2560
-247 -2570
-248 -2580
-249 -2590
-241 -2610
-242 -2620
-243 -2630
-244 -2640
-245 -2650
-246 -2660
-247 -2670
-248 -2680
-249 -2690
-251 -2610
-252 -2620
-253 -2630
-254 -2640
-255 -2650
-256 -2660
-257 -2670
-258 -2680
-259 -2690
-311 -3210
-312 -3220
-313 -3230
-314 -3240
-315 -3250
-316 -3260
-317 -3270
-318 -3280
-319 -3290
-311 -3310
-312 -3320
-313 -3330
-314 -3340
-315 -3350
-316 -3360
-317 -3370
-318 -3380
-319 -3390
-311 -3410
-312 -3420
-313 -3430
-314 -3440
-315 -3450
-316 -3460
-317 -3470
-318 -3480
-319 -3490
-311 -3510
-312 -3520
-313 -3530
-314 -3540
-315 -3550
-316 -3560
-317 -3570
-318 -3580
-319 -3590
-311 -3610
-312 -3620
-313 -3630
-314 -3640
-315 -3650
-316 -3660
-317 -3670
-318 -3680
-319 -3690
-311 -3710
-312 -3720
-313 -3730
-314 -3740
-315 -3750
-316 -3760
-317 -3770
-318 -3780
-319 -3790
-321 -3310
-322 -3320
-323 -3330
-324 -3340
-325 -3350
-326 -3360
-327 -3370
-328 -3380
-329 -3390
-321 -3410
-322 -3420
-323 -3430
-324 -3440
-325 -3450
-326 -3460
-327 -3470
-328 -3480
-329 -3490
-321 -3510
-322 -3520
-323 -3530
-324 -3540
-325 -3550
-326 -3560
-327 -3570
-328 -3580
-329 -3590
-321 -3610
-322 -3620
-323 -3630
-324 -3640
-325 -3650
-326 -3660
-327 -3670
-328 -3680
-329 -3690
-321 -3710
-322 -3720
-323 -3730
-324 -3740
-325 -3750
-326 -3760
-327 -3770
-328 -3780
-329 -3790
-331 -3410
-332 -3420
-333 -3430
-334 -3440
-335 -3450
-336 -3460
-337 -3470
-338 -3480
-339 -3490
-331 -3510
-332 -3520
-333 -3530
-334 -3540
-335 -3550
-336 -3560
-337 -3570
-338 -3580
-339 -3590
-331 -3610
-332 -3620
-333 -3630
-334 -3640
-335 -3650
-336 -3660
-337 -3670
-338 -3680
-339 -3690
-331 -3710
-332 -3720
-333 -3730
-334 -3740
-335 -3750
-336 -3760
-337 -3770
-338 -3780
-339 -3790
-341 -3510
-342 -3520
-343 -3530
-344 -3540
-345 -3550
-346 -3560
-347 -3570
-348 -3580
-349 -3590
-341 -3610
-342 -3620
-343 -3630
-344 -3640
-345 -3650
-346 -3660
-347 -3670
-348 -3680
-349 -3690
-341 -3710
-342 -3720
-343 -3730
-344 -3740
-345 -3750
-346 -3760
-347 -3770
-348 -3780
-349 -3790
-351 -3610
-352 -3620
-353 -3630
-354 -3640
-355 -3650
-356 -3660
-357 -3670
-358 -3680
-359 -3690
-351 -3710
-352 -3720
-353 -3730
-354 -3740
-355 -3750
-356 -3760
-357 -3770
-358 -3780
-359 -3790
-361 -3710
-362 -3720
-363 -3730
-364 -3740
-365 -3750
-366 -3760
-367 -3770
-368 -3780
-369 -3790
-411 -4210
-412 -4220
-413 -4230
-414 -4240
-415 -4250
-416 -4260
-417 -4270
-418 -4280
-419 -4290
-411 -4310
-412 -4320
-413 -4330
-414 -4340
-415 -4350
-416 -4360
-417 -4370
-418 -4380
-419 -4390
-411 -4410
-412 -4420
-413 -4430
-414 -4440
-415 -4450
-416 -4460
-417 -4470
-418 -4480
-419 -4490
-411 -4510
-412 -4520
-413 -4530
-414 -4540
-415 -4550
-416 -4560
-417 -4570
-418 -4580
-419 -4590
-411 -4610
-412 -4620
-413 -4630
-414 -4640
-415 -4650
-416 -4660
-417 -4670
-418 -4680
-419 -4690
-411 -4710
-412 -4720
-413 -4730
-414 -4740
-415 -4750
-416 -4760
-417 -4770
-418 -4780
-419 -4790
-411 -4810
-412 -4820
-413 -4830
-414 -4840
-415 -4850
-416 -4860
-417 -4870
-418 -4880
-419 -4890
-421 -4310
-422 -4320
-423 -4330
-424 -4340
-425 -4350
-426 -4360
-427 -4370
-428 -4380
-429 -4390
-421 -4410
-422 -4420
-423 -4430
-424 -4440
-425 -4450
-426 -4460
-427 -4470
-428 -4480
-429 -4490
-421 -4510
-422 -4520
-423 -4530
-424 -4540
-425 -4550
-426 -4560
-427 -4570
-428 -4580
-429 -4590
-421 -4610
-422 -4620
-423 -4630
-424 -4640
-425 -4650
-426 -4660
-427 -4670
-428 -4680
-429 -4690
-421 -4710
-422 -4720
-423 -4730
-424 -4740
-425 -4750
-426 -4760
-427 -4770
-428 -4780
-429 -4790
-421 -4810
-422 -4820
-423 -4830
-424 -4840
-425 -4850
-426 -4860
-427 -4870
-428 -4880
-429 -4890
-431 -4410
-432 -4420
-433 -4430
-434 -4440
-435 -4450
-436 -4460
-437 -4470
-438 -4480
-439 -4490
-431 -4510
-432 -4520
-433 -4530
-434 -4540
-435 -4550
-436 -4560
-437 -4570
-438 -4580
-439 -4590
-431 -4610
-432 -4620
-433 -4630
-434 -4640
-435 -4650
-436 -4660
-437 -4670
-438 -4680
-439 -4690
-431 -4710
-432 -4720
-433 -4730
-434 -4740
-435 -4750
-436 -4760
-437 -4770
-438 -4780
-439 -4790
-431 -4810
-432 -4820
-433 -4830
-434 -4840
-435 -4850
-436 -4860
-437 -4870
-438 -4880
-439 -4890
-441 -4510
-442 -4520
-443 -4530
-444 -4540
-445 -4550
-446 -4560
-447 -4570
-448 -4580
-449 -4590
-441 -4610
-442 -4620
-443 -4630
-444 -4640
-445 -4650
-446 -4660
-447 -4670
-448 -4680
-449 -4690
-441 -4710
-442 -4720
-443 -4730
-444 -4740
-445 -4750
-446 -4760
-447 -4770
-448 -4780
-449 -4790
-441 -4810
-442 -4820
-443 -4830
-444 -4840
-445 -4850
-446 -4860
-447 -4870
-448 -4880
-449 -4890
-451 -4610
-452 -4620
-453 -4630
-454 -4640
-455 -4650
-456 -4660
-457 -4670
-458 -4680
-459 -4690
-451 -4710
-452 -4720
-453 -4730
-454 -4740
-455 -4750
-456 -4760
-457 -4770
-458 -4780
-459 -4790
-451 -4810
-452 -4820
-453 -4830
-454 -4840
-455 -4850
-456 -4860
-457 -4870
-458 -4880
-459 -4890
-461 -4710
-462 -4720
-463 -4730
-464 -4740
-465 -4750
-466 -4760
-467 -4770
-468 -4780
-469 -4790
-461 -4810
-462 -4820
-463 -4830
-464 -4840
-465 -4850
-466 -4860
-467 -4870
-468 -4880
-469 -4890
-471 -4810
-472 -4820
-473 -4830
-474 -4840
-475 -4850
-476 -4860
-477 -4870
-478 -4880
-479 -4890
-511 -5210
-512 -5220
-513 -5230
-514 -5240
-515 -5250
-516 -5260
-517 -5270
-518 -5280
-519 -5290
-511 -5310
-512 -5320
-513 -5330
-514 -5340
-515 -5350
-516 -5360
-517 -5370
-518 -5380
-519 -5390
-511 -5410
-512 -5420
-513 -5430
-514 -5440
-515 -5450
-516 -5460
-517 -5470
-518 -5480
-519 -5490
-511 -5510
-512 -5520
-513 -5530
-514 -5540
-515 -5550
-516 -5560
-517 -5570
-518 -5580
-519 -5590
-511 -5610
-512 -5620
-513 -5630
-514 -5640
-515 -5650
-516 -5660
-517 -5670
-518 -5680
-519 -5690
-511 -5710
-512 -5720
-513 -5730
-514 -5740
-515 -5750
-516 -5760
-517 -5770
-518 -5780
-519 -5790
-511 -5810
-512 -5820
-513 -5830
-514 -5840
-515 -5850
-516 -5860
-517 -5870
-518 -5880
-519 -5890
-511 -5910
-512 -5920
-513 -5930
-514 -5940
-515 -5950
-516 -5960
-517 -5970
-518 -5980
-519 -5990
-521 -5310
-522 -5320
-523 -5330
-524 -5340
-525 -5350
-526 -5360
-527 -5370
-528 -5380
-529 -5390
-521 -5410
-522 -5420
-523 -5430
-524 -5440
-525 -5450
-526 -5460
-527 -5470
-528 -5480
-529 -5490
-521 -5510
-522 -5520
-523 -5530
-524 -5540
-525 -5550
-526 -5560
-527 -5570
-528 -5580
-529 -5590
-521 -5610
-522 -5620
-523 -5630
-524 -5640
-525 -5650
-526 -5660
-527 -5670
-528 -5680
-529 -5690
-521 -5710
-522 -5720
-523 -5730
-524 -5740
-525 -5750
-526 -5760
-527 -5770
-528 -5780
-529 -5790
-521 -5810
-522 -5820
-523 -5830
-524 -5840
-525 -5850
-526 -5860
-527 -5870
-528 -5880
-529 -5890
-521 -5910
-522 -5920
-523 -5930
-524 -5940
-525 -5950
-526 -5960
-527 -5970
-528 -5980
-529 -5990
-531 -5410
-532 -5420
-533 -5430
-534 -5440
-535 -5450
-536 -5460
-537 -5470
-538 -5480
-539 -5490
-531 -5510
-532 -5520
-533 -5530
-534 -5540
-535 -5550
-536 -5560
-537 -5570
-538 -5580
-539 -5590
-531 -5610
-532 -5620
-533 -5630
-534 -5640
-535 -5650
-536 -5660
-537 -5670
-538 -5680
-539 -5690
-531 -5710
-532 -5720
-533 -5730
-534 -5740
-535 -5750
-536 -5760
-537 -5770
-538 -5780
-539 -5790
-531 -5810
-532 -5820
-533 -5830
-534 -5840
-535 -5850
-536 -5860
-537 -5870
-538 -5880
-539 -5890
-531 -5910
-532 -5920
-533 -5930
-534 -5940
-535 -5950
-536 -5960
-537 -5970
-538 -5980
-539 -5990
-541 -5510
-542 -5520
-543 -5530
-544 -5540
-545 -5550
-546 -5560
-547 -5570
-548 -5580
-549 -5590
-541 -5610
-542 -5620
-543 -5630
-544 -5640
-545 -5650
-546 -5660
-547 -5670
-548 -5680
-549 -5690
-541 -5710
-542 -5720
-543 -5730
-544 -5740
-545 -5750
-546 -5760
-547 -5770
-548 -5780
-549 -5790
-541 -5810
-542 -5820
-543 -5830
-544 -5840
-545 -5850
-546 -5860
-547 -5870
-548 -5880
-549 -5890
-541 -5910
-542 -5920
-543 -5930
-544 -5940
-545 -5950
-546 -5960
-547 -5970
-548 -5980
-549 -5990
-551 -5610
-552 -5620
-553 -5630
-554 -5640
-555 -5650
-556 -5660
-557 -5670
-558 -5680
-559 -5690
-551 -5710
-552 -5720
-553 -5730
-554 -5740
-555 -5750
-556 -5760
-557 -5770
-558 -5780
-559 -5790
-551 -5810
-552 -5820
-553 -5830
-554 -5840
-555 -5850
-556 -5860
-557 -5870
-558 -5880
-559 -5890
-551 -5910
-552 -5920
-553 -5930
-554 -5940
-555 -5950
-556 -5960
-557 -5970
-558 -5980
-559 -5990
-561 -5710
-562 -5720
-563 -5730
-564 -5740
-565 -5750
-566 -5760
-567 -5770
-568 -5780
-569 -5790
-561 -5810
-562 -5820
-563 -5830
-564 -5840
-565 -5850
-566 -5860
-567 -5870
-568 -5880
-569 -5890
-561 -5910
-562 -5920
-563 -5930
-564 -5940
-565 -5950
-566 -5960
-567 -5970
-568 -5980
-569 -5990
-571 -5810
-572 -5820
-573 -5830
-574 -5840
-575 -5850
-576 -5860
-577 -5870
-578 -5880
-579 -5890
-571 -5910
-572 -5920
-573 -5930
-574 -5940
-575 -5950
-576 -5960
-577 -5970
-578 -5980
-579 -5990
-581 -5910
-582 -5920
-583 -5930
-584 -5940
-585 -5950
-586 -5960
-587 -5970
-588 -5980
-589 -5990
-611 -6210
-612 -6220
-613 -6230
-614 -6240
-615 -6250
-616 -6260
-617 -6270
-618 -6280
-619 -6290
-611 -6310
-612 -6320
-613 -6330
-614 -6340
-615 -6350
-616 -6360
-617 -6370
-618 -6380
-619 -6390
-611 -6410
-612 -6420
-613 -6430
-614 -6440
-615 -6450
-616 -6460
-617 -6470
-618 -6480
-619 -6490
-611 -6510
-612 -6520
-613 -6530
-614 -6540
-615 -6550
-616 -6560
-617 -6570
-618 -6580
-619 -6590
-611 -6610
-612 -6620
-613 -6630
-614 -6640
-615 -6650
-616 -6660
-617 -6670
-618 -6680
-619 -6690
-611 -6710
-612 -6720
-613 -6730
-614 -6740
-615 -6750
-616 -6760
-617 -6770
-618 -6780
-619 -6790
-611 -6810
-612 -6820
-613 -6830
-614 -6840
-615 -6850
-616 -6860
-617 -6870
-618 -6880
-619 -6890
-621 -6310
-622 -6320
-623 -6330
-624 -6340
-625 -6350
-626 -6360
-627 -6370
-628 -6380
-629 -6390
-621 -6410
-622 -6420
-623 -6430
-624 -6440
-625 -6450
-626 -6460
-627 -6470
-628 -6480
-629 -6490
-621 -6510
-622 -6520
-623 -6530
-624 -6540
-625 -6550
-626 -6560
-627 -6570
-628 -6580
-629 -6590
-621 -6610
-622 -6620
-623 -6630
-624 -6640
-625 -6650
-626 -6660
-627 -6670
-628 -6680
-629 -6690
-621 -6710
-622 -6720
-623 -6730
-624 -6740
-625 -6750
-626 -6760
-627 -6770
-628 -6780
-629 -6790
-621 -6810
-622 -6820
-623 -6830
-624 -6840
-625 -6850
-626 -6860
-627 -6870
-628 -6880
-629 -6890
-631 -6410
-632 -6420
-633 -6430
-634 -6440
-635 -6450
-636 -6460
-637 -6470
-638 -6480
-639 -6490
-631 -6510
-632 -6520
-633 -6530
-634 -6540
-635 -6550
-636 -6560
-637 -6570
-638 -6580
-639 -6590
-631 -6610
-632 -6620
-633 -6630
-634 -6640
-635 -6650
-636 -6660
-637 -6670
-638 -6680
-639 -6690
-631 -6710
-632 -6720
-633 -6730
-634 -6740
-635 -6750
-636 -6760
-637 -6770
-638 -6780
-639 -6790
-631 -6810
-632 -6820
-633 -6830
-634 -6840
-635 -6850
-636 -6860
-637 -6870
-638 -6880
-639 -6890
-641 -6510
-642 -6520
-643 -6530
-644 -6540
-645 -6550
-646 -6560
-647 -6570
-648 -6580
-649 -6590
-641 -6610
-642 -6620
-643 -6630
-644 -6640
-645 -6650
-646 -6660
-647 -6670
-648 -6680
-649 -6690
-641 -6710
-642 -6720
-643 -6730
-644 -6740
-645 -6750
-646 -6760
-647 -6770
-648 -6780
-649 -6790
-641 -6810
-642 -6820
-643 -6830
-644 -6840
-645 -6850
-646 -6860
-647 -6870
-648 -6880
-649 -6890
-651 -6610
-652 -6620
-653 -6630
-654 -6640
-655 -6650
-656 -6660
-657 -6670
-658 -6680
-659 -6690
-651 -6710
-652 -6720
-653 -6730
-654 -6740
-655 -6750
-656 -6760
-657 -6770
-658 -6780
-659 -6790
-651 -6810
-652 -6820
-653 -6830
-654 -6840
-655 -6850
-656 -6860
-657 -6870
-658 -6880
-659 -6890
-661 -6710
-662 -6720
-663 -6730
-664 -6740
-665 -6750
-666 -6760
-667 -6770
-668 -6780
-669 -6790
-661 -6810
-662 -6820
-663 -6830
-664 -6840
-665 -6850
-666 -6860
-667 -6870
-668 -6880
-669 -6890
-671 -6810
-672 -6820
-673 -6830
-674 -6840
-675 -6850
-676 -6860
-677 -6870
-678 -6880
-679 -6890
-711 -7210
-712 -7220
-713 -7230
-714 -7240
-715 -7250
-716 -7260
-717 -7270
-718 -7280
-719 -7290
-711 -7310
-712 -7320
-713 -7330
-714 -7340
-715 -7350
-716 -7360
-717 -7370
-718 -7380
-719 -7390
-711 -7410
-712 -7420
-713 -7430
-714 -7440
-715 -7450
-716 -7460
-717 -7470
-718 -7480
-719 -7490
-711 -7510
-712 -7520
-713 -7530
-714 -7540
-715 -7550
-716 -7560
-717 -7570
-718 -7580
-719 -7590
-711 -7610
-712 -7620
-713 -7630
-714 -7640
-715 -7650
-716 -7660
-717 -7670
-718 -7680
-719 -7690
-711 -7710
-712 -7720
-713 -7730
-714 -7740
-715 -7750
-716 -7760
-717 -7770
-718 -7780
-719 -7790
-721 -7310
-722 -7320
-723 -7330
-724 -7340
-725 -7350
-726 -7360
-727 -7370
-728 -7380
-729 -7390
-721 -7410
-722 -7420
-723 -7430
-724 -7440
-725 -7450
-726 -7460
-727 -7470
-728 -7480
-729 -7490
-721 -7510
-722 -7520
-723 -7530
-724 -7540
-725 -7550
-726 -7560
-727 -7570
-728 -7580
-729 -7590
-721 -7610
-722 -7620
-723 -7630
-724 -7640
-725 -7650
-726 -7660
-727 -7670
-728 -7680
-729 -7690
-721 -7710
-722 -7720
-723 -7730
-724 -7740
-725 -7750
-726 -7760
-727 -7770
-728 -7780
-729 -7790
-731 -7410
-732 -7420
-733 -7430
-734 -7440
-735 -7450
-736 -7460
-737 -7470
-738 -7480
-739 -7490
-731 -7510
-732 -7520
-733 -7530
-734 -7540
-735 -7550
-736 -7560
-737 -7570
-738 -7580
-739 -7590
-731 -7610
-732 -7620
-733 -7630
-734 -7640
-735 -7650
-736 -7660
-737 -7670
-738 -7680
-739 -7690
-731 -7710
-732 -7720
-733 -7730
-734 -7740
-735 -7750
-736 -7760
-737 -7770
-738 -7780
-739 -7790
-741 -7510
-742 -7520
-743 -7530
-744 -7540
-745 -7550
-746 -7560
-747 -7570
-748 -7580
-749 -7590
-741 -7610
-742 -7620
-743 -7630
-744 -7640
-745 -7650
-746 -7660
-747 -7670
-748 -7680
-749 -7690
-741 -7710
-742 -7720
-743 -7730
-744 -7740
-745 -7750
-746 -7760
-747 -7770
-748 -7780
-749 -7790
-751 -7610
-752 -7620
-753 -7630
-754 -7640
-755 -7650
-756 -7660
-757 -7670
-758 -7680
-759 -7690
-751 -7710
-752 -7720
-753 -7730
-754 -7740
-755 -7750
-756 -7760
-757 -7770
-758 -7780
-759 -7790
-761 -7710
-762 -7720
-763 -7730
-764 -7740
-765 -7750
-766 -7760
-767 -7770
-768 -7780
-769 -7790
-811 -8210
-812 -8220
-813 -8230
-814 -8240
-815 -8250
-816 -8260
-817 -8270
-818 -8280
-819 -8290
-811 -8310
-812 -8320
-813 -8330
-814 -8340
-815 -8350
-816 -8360
-817 -8370
-818 -8380
-819 -8390
-811 -8410
-812 -8420
-813 -8430
-814 -8440
-815 -8450
-816 -8460
-817 -8470
-818 -8480
-819 -8490
-811 -8510
-812 -8520
-813 -8530
-814 -8540
-815 -8550
-816 -8560
-817 -8570
-818 -8580
-819 -8590
-811 -8610
-812 -8620
-813 -8630
-814 -8640
-815 -8650
-816 -8660
-817 -8670
-818 -8680
-819 -8690
-821 -8310
-822 -8320
-823 -8330
-824 -8340
-825 -8350
-826 -8360
-827 -8370
-828 -8380
-829 -8390
-821 -8410
-822 -8420
-823 -8430
-824 -8440
-825 -8450
-826 -8460
-827 -8470
-828 -8480
-829 -8490
-821 -8510
-822 -8520
-823 -8530
-824 -8540
-825 -8550
-826 -8560
-827 -8570
-828 -8580
-829 -8590
-821 -8610
-822 -8620
-823 -8630
-824 -8640
-825 -8650
-826 -8660
-827 -8670
-828 -8680
-829 -8690
-831 -8410
-832 -8420
-833 -8430
-834 -8440
-835 -8450
-836 -8460
-837 -8470
-838 -8480
-839 -8490
-831 -8510
-832 -8520
-833 -8530
-834 -8540
-835 -8550
-836 -8560
-837 -8570
-838 -8580
-839 -8590
-831 -8610
-832 -8620
-833 -8630
-834 -8640
-835 -8650
-836 -8660
-837 -8670
-838 -8680
-839 -8690
-841 -8510
-842 -8520
-843 -8530
-844 -8540
-845 -8550
-846 -8560
-847 -8570
-848 -8580
-849 -8590
-841 -8610
-842 -8620
-843 -8630
-844 -8640
-845 -8650
-846 -8660
-847 -8670
-848 -8680
-849 -8690
-851 -8610
-852 -8620
-853 -8630
-854 -8640
-855 -8650
-856 -8660
-857 -8670
-858 -8680
-859 -8690
-911 -9210
-912 -9220
-913 -9230
-914 -9240
-915 -9250
-916 -9260
-917 -9270
-918 -9280
-919 -9290
-911 -9310
-912 -9320
-913 -9330
-914 -9340
-915 -9350
-916 -9360
-917 -9370
-918 -9380
-919 -9390
-911 -9410
-912 -9420
-913 -9430
-914 -9440
-915 -9450
-916 -9460
-917 -9470
-918 -9480
-919 -9490
-911 -9510
-912 -9520
-913 -9530
-914 -9540
-915 -9550
-916 -9560
-917 -9570
-918 -9580
-919 -9590
-921 -9310
-922 -9320
-923 -9330
-924 -9340
-925 -9350
-926 -9360
-927 -9370
-928 -9380
-929 -9390
-921 -9410
-922 -9420
-923 -9430
-924 -9440
-925 -9450
-926 -9460
-927 -9470
-928 -9480
-929 -9490
-921 -9510
-922 -9520
-923 -9530
-924 -9540
-925 -9550
-926 -9560
-927 -9570
-928 -9580
-929 -9590
-931 -9410
-932 -9420
-933 -9430
-934 -9440
-935 -9450
-936 -9460
-937 -9470
-938 -9480
-939 -9490
-931 -9510
-932 -9520
-933 -9530
-934 -9540
-935 -9550
-936 -9560
-937 -9570
-938 -9580
-939 -9590
-941 -9510
-942 -9520
-943 -9530
-944 -9540
-945 -9550
-946 -9560
-947 -9570
-948 -9580
-949 -9590
112 122 132 142 152 113 123 133 143 153 0
112 122 132 142 152 114 124 134 144 154 0
112 122 132 142 152 115 125 135 145 155 0
112 122 132 142 152 116 126 136 146 156 0
112 122 132 142 152 117 127 137 147 157 0
113 123 133 143 153 113 123 133 143 153 0
113 123 133 143 153 114 124 134 144 154 0
113 123 133 143 153 115 125 135 145 155 0
113 123 133 143 153 116 126 136 146 156 0
113 123 133 143 153 117 127 137 147 157 0
114 124 134 144 154 113 123 133 143 153 0
114 124 134 144 154 114 124 134 144 154 0
114 124 134 144 154 115 125 135 145 155 0
114 124 134 144 154 116 126 136 146 156 0
114 124 134 144 154 117 127 137 147 157 0
115 125 135 145 155 113 123 133 143 153 0
115 125 135 145 155 114 124 134 144 154 0
115 125 135 145 155 115 125 135 145 155 0
115 125 135 145 155 116 126 136 146 156 0
115 125 135 145 155 117 127 137 147 157 0
116 126 136 146 156 113 123 133 143 153 0
116 126 136 146 156 114 124 134 144 154 0
116 126 136 146 156 115 125 135 145 155 0
116 126 136 146 156 116 126 136 146 156 0
116 126 136 146 156 117 127 137 147 157 0
213 223 233 243 253 263 0
214 224 234 244 254 264 0
215 225 235 245 255 265 0
216 226 236 246 256 266 0
217 227 237 247 257 267 0
218 228 238 248 258 268 0
311 321 331 341 351 361 371 0
312 322 332 342 352 362 372 0
313 323 333 343 353 363 373 0
314 324 334 344 354 364 374 0
315 325 335 345 355 365 375 0
316 326 336 346 356 366 376 0
317 327 337 347 357 367 377 0
412 422 432 442 452 462 472 482 0
413 423 433 443 453 463 473 483 0
414 424 434 444 454 464 474 484 0
415 425 435 445 455 465 475 485 0
416 426 436 446 456 466 476 486 0
417 427 437 447 457 467 477 487 0
418 428 438 448 458 468 478 488 0
419 429 439 449 459 469 479 489 0
511 521 531 541 551 561 571 581 591 0
512 522 532 542 552 562 572 582 592 0
513 523 533 543 553 563 573 583 593 0
514 524 534 544 554 564 574 584 594 0
515 525 535 545 555 565 575 585 595 0
516 526 536 546 556 566 576 586 596 0
517 527 537 547 557 567 577 587 597 0
518 528 538 548 558 568 578 588 598 0
519 529 539 549 559 569 579 589 599 0
612 622 632 642 652 662 672 682 0
613 623 633 643 653 663 673 683 0
614 624 634 644 654 664 674 684 0
615 625 635 645 655 665 675 685 0
616 626 636 646 656 666 676 686 0
617 627 637 647 657 667 677 687 0
618 628 638 648 658 668 678 688 0
619 629 639 649 659 669 679 689 0
711 721 731 741 751 761 771 0
712 722 732 742 752 762 772 0
713 723 733 743 753 763 773 0
714 724 734 744 754 764 774 0
715 725 735 745 755 765 775 0
716 726 736 746 756 766 776 0
717 727 737 747 757 767 777 0
813 823 833 843 853 863 0
814 824 834 844 854 864 0
815 825 835 845 855 865 0
816 826 836 846 856 866 0
817 827 837 847 857 867 0
818 828 838 848 858 868 0
912 922 932 942 952 0
913 923 933 943 953 0
914 924 934 944 954 0
915 925 935 945 955 0
916 926 936 946 956 0
-431 -6110
-432 -6120
-433 -6130
-434 -6140
-435 -6150
-436 -6160
-437 -6170
-438 -6180
-439 -6190
-431 -7110
-432 -7120
-433 -7130
-434 -7140
-435 -7150
-436 -7160
-437 -7170
-438 -7180
-439 -7190
-431 -8110
-432 -8120
-433 -8130
-434 -8140
-435 -8150
-436 -8160
-437 -8170
-438 -8180
-439 -8190
-431 -9110
-432 -9120
-433 -9130
-434 -9140
-435 -9150
-436 -9160
-437 -9170
-438 -9180
-439 -9190
-611 -7110
-612 -7120
-613 -7130
-614 -7140
-615 -7150
-616 -7160
-617 -7170
-618 -7180
-619 -7190
-611 -8110
-612 -8120
-613 -8130
-614 -8140
-615 -8150
-616 -8160
-617 -8170
-618 -8180
-619 -8190
-611 -9110
-612 -9120
-613 -9130
-614 -9140
-615 -9150
-616 -9160
-617 -9170
-618 -9180
-619 -9190
-711 -8110
-712 -8120
-713 -8130
-714 -8140
-715 -8150
-716 -8160
-717 -8170
-718 -8180
-719 -8190
-711 -9110
-712 -9120
-713 -9130
-714 -9140
-715 -9150
-716 -9160
-717 -9170
-718 -9180
-719 -9190
-811 -9110
-812 -9120
-813 -9130
-814 -9140
-815 -9150
-816 -9160
-817 -9170
-818 -9180
-819 -9190
-351 -4410
-352 -4420
-353 -4430
-354 -4440
-355 -4450
-356 -4460
-357 -4470
-358 -4480
-359 -4490
-351 -6210
-352 -6220
-353 -6230
-354 -6240
-355 -6250
-356 -6260
-357 -6270
-358 -6280
-359 -6290
-351 -7210
-352 -7220
-353 -7230
-354 -7240
-355 -7250
-356 -7260
-357 -7270
-358 -7280
-359 -7290
-351 -8210
-352 -8220
-353 -8230
-354 -8240
-355 -8250
-356 -8260
-357 -8270
-358 -8280
-359 -8290
-351 -9210
-352 -9220
-353 -9230
-354 -9240
-355 -9250
-356 -9260
-357 -9270
-358 -9280
-359 -9290
-441 -6210
-442 -6220
-443 -6230
-444 -6240
-445 -6250
-446 -6260
-447 -6270
-448 -6280
-449 -6290
-441 -7210
-442 -7220
-443 -7230
-444 -7240
-445 -7250
-446 -7260
-447 -7270
-448 -7280
-449 -7290
-441 -8210
-442 -8220
-443 -8230
-444 -8240
-445 -8250
-446 -8260
-447 -8270
-448 -8280
-449 -8290
-441 -9210
-442 -9220
-443 -9230
-444 -9240
-445 -9250
-446 -9260
-447 -9270
-448 -9280
-449 -9290
-621 -7210
-622 -7220
-623 -7230
-624 -7240
-625 -7250
-626 -7260
-627 -7270
-628 -7280
-629 -7290
-621 -8210
-622 -8220
-623 -8230
-624 -8240
-625 -8250
-626 -8260
-627 -8270
-628 -8280
-629 -8290
-621 -9210
-622 -9220
-623 -9230
-624 -9240
-625 -9250
-626 -9260
-627 -9270
-628 -9280
-629 -9290
-721 -8210
-722 -8220
-723 -8230
-724 -8240
-725 -8250
-726 -8260
-727 -8270
-728 -8280
-729 -8290
-721 -9210
-722 -9220
-723 -9230
-724 -9240
-725 -9250
-726 -9260
-727 -9270
-728 -9280
-729 -9290
-821 -9210
-822 -9220
-823 -9230
-824 -9240
-825 -9250
-826 -9260
-827 -9270
-828 -9280
-829 -9290
-271 -3610
-272 -3620
-273 -3630
-274 -3640
-275 -3650
-276 -3660
-277 -3670
-278 -3680
-279 -3690
-271 -4510
-272 -4520
-273 -4530
-274 -4540
-275 -4550
-276 -4560
-277 -4570
-278 -4580
-279 -4590
-271 -6310
-272 -6320
-273 -6330
-274 -6340
-275 -6350
-276 -6360
-277 -6370
-278 -6380
-279 -6390
-271 -7310
-272 -7320
-273 -7330
-274 -7340
-275 -7350
-276 -7360
-277 -7370
-278 -7380
-279 -7390
-271 -8310
-272 -8320
-273 -8330
-274 -8340
-275 -8350
-276 -8360
-277 -8370
-278 -8380
-279 -8390
-271 -9310
-272 -9320
-273 -9330
-274 -9340
-275 -9350
-276 -9360
-277 -9370
-278 -9380
-279 -9390
-361 -4510
-362 -4520
-363 -4530
-364 -4540
-365 -4550
-366 -4560
-367 -4570
-368 -4580
-369 -4590
-361 -6310
-362 -6320
-363 -6330
-364 -6340
-365 -6350
-366 -6360
-367 -6370
-368 -6380
-369 -6390
-361 -7310
-362 -7320
-363 -7330
-364 -7340
-365 -7350
-366 -7360
-367 -7370
-368 -7380
-369 -7390
-361 -8310
-362 -8320
-363 -8330
-364 -8340
-365 -8350
-366 -8360
-367 -8370
-368 -8380
-369 -8390
-361 -9310
-362 -9320
-363 -9330
-364 -9340
-365 -9350
-366 -9360
-367 -9370
-368 -9380
-369 -9390
-451 -6310
-452 -6320
-453 -6330
-454 -6340
-455 -6350
-456 -6360
-457 -6370
-458 -6380
-459 -6390
-451 -7310
-452 -7320
-453 -7330
-454 -7340
-455 -7350
-456 -7360
-457 -7370
-458 -7380
-459 -7390
-451 -8310
-452 -8320
-453 -8330
-454 -8340
-455 -8350
-456 -8360
-457 -8370
-458 -8380
-459 -8390
-451 -9310
-452 -9320
-453 -9330
-454 -9340
-455 -9350
-456 -9360
-457 -9370
-458 -9380
-459 -9390
-631 -7310
-632 -7320
-633 -7330
-634 -7340
-635 -7350
-636 -7360
-637 -7370
-638 -7380
-639 -7390
-631 -8310
-632 -8320
-633 -8330
-634 -8340
-635 -8350
-636 -8360
-637 -8370
-638 -8380
-639 -8390
-631 -9310
-632 -9320
-633 -9330
-634 -9340
-635 -9350
-636 -9360
-637 -9370
-638 -9380
-639 -9390
-731 -8310
-732 -8320
-733 -8330
-734 -8340
-735 -8350
-736 -8360
-737 -8370
-738 -8380
-739 -8390
-731 -9310
-732 -9320
-733 -9330
-734 -9340
-735 -9350
-736 -9360
-737 -9370
-738 -9380
-739 -9390
-831 -9310
-832 -9320
-833 -9330
-834 -9340
-835 -9350
-836 -9360
-837 -9370
-838 -9380
-839 -9390
-191 -2810
-192 -2820
-193 -2830
-194 -2840
-195 -2850
-196 -2860
-197 -2870
-198 -2880
-199 -2890
-191 -3710
-192 -3720
-193 -3730
-194 -3740
-195 -3750
-196 -3760
-197 -3770
-198 -3780
-199 -3790
-191 -4610
-192 -4620
-193 -4630
-194 -4640
-195 -4650
-196 -4660
-197 -4670
-198 -4680
-199 -4690
-191 -6410
-192 -6420
-193 -6430
-194 -6440
-195 -6450
-196 -6460
-197 -6470
-198 -6480
-199 -6490
-191 -7410
-192 -7420
-193 -7430
-194 -7440
-195 -7450
-196 -7460
-197 -7470
-198 -7480
-199 -7490
-191 -8410
-192 -8420
-193 -8430
-194 -8440
-195 -8450
-196 -8460
-197 -8470
-198 -8480
-199 -8490
-191 -9410
-192 -9420
-193 -9430
-194 -9440
-195 -9450
-196 -9460
-197 -9470
-198 -9480
-199 -9490
-281 -3710
-282 -3720
-283 -3730
-284 -3740
-285 -3750
-286 -3760
-287 -3770
-288 -3780
-289 -3790
-281 -4610
-282 -4620
-283 -4630
-284 -4640
-285 -4650
-286 -4660
-287 -4670
-288 -4680
-289 -4690
-281 -6410
-282 -6420
-283 -6430
-284 -6440
-285 -6450
-286 -6460
-287 -6470
-288 -6480
-289 -6490
-281 -7410
-282 -7420
-283 -7430
-284 -7440
-285 -7450
-286 -7460
-287 -7470
-288 -7480
-289 -7490
-281 -8410
-282 -8420
-283 -8430
-284 -8440
-285 -8450
-286 -8460
-287 -8470
-288 -8480
-289 -8490
-281 -9410
-282 -9420
-283 -9430
-284 -9440
-285 -9450
-286 -9460
-287 -9470
-288 -9480
-289 -9490
-371 -4610
-372 -4620
-373 -4630
-374 -4640
-375 -4650
-376 -4660
-377 -4670
-378 -4680
-379 -4690
-371 -6410
-372 -6420
-373 -6430
-374 -6440
-375 -6450
-376 -6460
-377 -6470
-378 -6480
-379 -6490
-371 -7410
-372 -7420
-373 -7430
-374 -7440
-375 -7450
-376 -7460
-377 -7470
-378 -7480
-379 -7490
-371 -8410
-372 -8420
-373 -8430
-374 -8440
-375 -8450
-376 -8460
-377 -8470
-378 -8480
-379 -8490
-371 -9410
-372 -9420
-373 -9430
-374 -9440
-375 -9450
-376 -9460
-377 -9470
-378 -9480
-379 -9490
-461 -6410
-462 -6420
-463 -6430
-464 -6440
-465 -6450
-466 -6460
-467 -6470
-468 -6480
-469 -6490
-461 -7410
-462 -7420
-463 -7430
-464 -7440
-465 -7450
-466 -7460
-467 -7470
-468 -7480
-469 -7490
-461 -8410
-462 -8420
-463 -8430
-464 -8440
-465 -8450
-466 -8460
-467 -8470
-468 -8480
-469 -8490
-461 -9410
-462 -9420
-463 -9430
-464 -9440
-465 -9450
-466 -9460
-467 -9470
-468 -9480
-469 -9490
-641 -7410
-642 -7420
-643 -7430
-644 -7440
-645 -7450
-646 -7460
-647 -7470
-648 -7480
-649 -7490
-641 -8410
-642 -8420
-643 -8430
-644 -8440
-645 -8450
-646 -8460
-647 -8470
-648 -8480
-649 -8490
-641 -9410
-642 -9420
-643 -9430
-644 -9440
-645 -9450
-646 -9460
-647 -9470
-648 -9480
-649 -9490
-741 -8410
-742 -8420
-743 -8430
-744 -8440
-745 -8450
-746 -8460
-747 -8470
-748 -8480
-749 -8490
-741 -9410
-742 -9420
-743 -9430
-744 -9440
-745 -9450
-746 -9460
-747 -9470
-748 -9480
-749 -9490
-841 -9410
-842 -9420
-843 -9430
-844 -9440
-845 -9450
-846 -9460
-847 -9470
-848 -9480
-849 -9490
-111 -2010
-112 -2020
-113 -2030
-114 -2040
-115 -2050
-116 -2060
-117 -2070
-118 -2080
-119 -2090
-111 -2910
-112 -2920
-113 -2930
-114 -2940
-115 -2950
-116 -2960
-117 -2970
-118 -2980
-119 -2990
-111 -3810
-112 -3820
-113 -3830
-114 -3840
-115 -3850
-116 -3860
-117 -3870
-118 -3880
-119 -3890
-111 -4710
-112 -4720
-113 -4730
-114 -4740
-115 -4750
-116 -4760
-117 -4770
-118 -4780
-119 -4790
-111 -6510
-112 -6520
-113 -6530
-114 -6540
-115 -6550
-116 -6560
-117 -6570
-118 -6580
-119 -6590
-111 -7510
-112 -7520
-113 -7530
-114 -7540
-115 -7550
-116 -7560
-117 -7570
-118 -7580
-119 -7590
-111 -8510
-112 -8520
-113 -8530
-114 -8540
-115 -8550
-116 -8560
-117 -8570
-118 -8580
-119 -8590
-111 -9510
-112 -9520
-113 -9530
-114 -9540
-115 -9550
-116 -9560
-117 -9570
-118 -9580
-119 -9590
-201 -2910
-202 -2920
-203 -2930
-204 -2940
-205 -2950
-206 -2960
-207 -2970
-208 -2980
-209 -2990
-201 -3810
-202 -3820
-203 -3830
-204 -3840
-205 -3850
-206 -3860
-207 -3870
-208 -3880
-209 -3890
-201 -4710
-202 -4720
-203 -4730
-204 -4740
-205 -4750
-206 -4760
-207 -4770
-208 -4780
-209 -4790
-201 -6510
-202 -6520
-203 -6530
-204 -6540
-205 -6550
-206 -6560
-207 -6570
-208 -6580
-209 -6590
-201 -7510
-202 -7520
-203 -7530
-204 -7540
-205 -7550
-206 -7560
-207 -7570
-208 -7580
-209 -7590
-201 -8510
-202 -8520
-203 -8530
-204 -8540
-205 -8550
-206 -8560
-207 -8570
-208 -8580
-209 -8590
-201 -9510
-202 -9520
-203 -9530
-204 -9540
-205 -9550
-206 -9560
-207 -9570
-208 -9580
-209 -9590
-291 -3810
-292 -3820
-293 -3830
-294 -3840
-295 -3850
-296 -3860
-297 -3870
-298 -3880
-299 -3890
-291 -4710
-292 -4720
-293 -4730
-294 -4740
-295 -4750
-296 -4760
-297 -4770
-298 -4780
-299 -4790
-291 -6510
-292 -6520
-293 -6530
-294 -6540
-295 -6550
-296 -6560
-297 -6570
-298 -6580
-299 -6590
-291 -7510
-292 -7520
-293 -7530
-294 -7540
-295 -7550
-296 -7560
-297 -7570
-298 -7580
-299 -7590
-291 -8510
-292 -8520
-293 -8530
-294 -8540
-295 -8550
-296 -8560
-297 -8570
-298 -8580
-299 -8590
-291 -9510
-292 -9520
-293 -9530
-294 -9540
-295 -9550
-296 -9560
-297 -9570
-298 -9580
-299 -9590
-381 -4710
-382 -4720
-383 -4730
-384 -4740
-385 -4750
-386 -4760
-387 -4770
-388 -4780
-389 -4790
-381 -6510
-382 -6520
-383 -6530
-384 -6540
-385 -6550
-386 -6560
-387 -6570
-388 -6580
-389 -6590
-381 -7510
-382 -7520
-383 -7530
-384 -7540
-385 -7550
-386 -7560
-387 -7570
-388 -7580
-389 -7590
-381 -8510
-382 -8520
-383 -8530
-384 -8540
-385 -8550
-386 -8560
-387 -8570
-388 -8580
-389 -8590
-381 -9510
-382 -9520
-383 -9530
-384 -9540
-385 -9550
-386 -9560
-387 -9570
-388 -9580
-389 -9590
-471 -6510
-472 -6520
-473 -6530
-474 -6540
-475 -6550
-476 -6560
-477 -6570
-478 -6580
-479 -6590
-471 -7510
-472 -7520
-473 -7530
-474 -7540
-475 -7550
-476 -7560
-477 -7570
-478 -7580
-479 -7590
-471 -8510
-472 -8520
-473 -8530
-474 -8540
-475 -8550
-476 -8560
-477 -8570
-478 -8580
-479 -8590
-471 -9510
-472 -9520
-473 -9530
-474 -9540
-475 -9550
-476 -9560
-477 -9570
-478 -9580
-479 -9590
-651 -7510
-652 -7520
-653 -7530
-654 -7540
-655 -7550
-656 -7560
-657 -7570
-658 -7580
-659 -7590
-651 -8510
-652 -8520
-653 -8530
-654 -8540
-655 -8550
-656 -8560
-657 -8570
-658 -8580
-659 -8590
-651 -9510
-652 -9520
-653 -9530
-654 -9540
-655 -9550
-656 -9560
-657 -9570
-658 -9580
-659 -9590
-751 -8510
-752 -8520
-753 -8530
-754 -8540
-755 -8550
-756 -8560
-757 -8570
-758 -8580
-759 -8590
-751 -9510
-752 -9520
-753 -9530
-754 -9540
-755 -9550
-756 -9560
-757 -9570
-758 -9580
-759 -9590
-851 -9510
-852 -9520
-853 -9530
-854 -9540
-855 -9550
-856 -9560
-857 -9570
-858 -9580
-859 -9590
-121 -2110
-122 -2120
-123 -2130
-124 -2140
-125 -2150
-126 -2160
-127 -2170
-128 -2180
-129 -2190
-121 -3010
-122 -3020
-123 -3030
-124 -3040
-125 -3050
-126 -3060
-127 -3070
-128 -3080
-129 -3090
-121 -3910
-122 -3920
-123 -3930
-124 -3940
-125 -3950
-126 -3960
-127 -3970
-128 -3980
-129 -3990
-121 -4810
-122 -4820
-123 -4830
-124 -4840
-125 -4850
-126 -4860
-127 -4870
-128 -4880
-129 -4890
-121 -6610
-122 -6620
-123 -6630
-124 -6640
-125 -6650
-126 -6660
-127 -6670
-128 -6680
-129 -6690
-121 -7610
-122 -7620
-123 -7630
-124 -7640
-125 -7650
-126 -7660
-127 -7670
-128 -7680
-129 -7690
-121 -8610
-122 -8620
-123 -8630
-124 -8640
-125 -8650
-126 -8660
-127 -8670
-128 -8680
-129 -8690
-121 -9010
-122 -9020
-123 -9030
-124 -9040
-125 -9050
-126 -9060
-127 -9070
-128 -9080
-129 -9090
-211 -3010
-212 -3020
-213 -3030
-214 -3040
-215 -3050
-216 -3060
-217 -3070
-218 -3080
-219 -3090
-211 -3910
-212 -3920
-213 -3930
-214 -3940
-215 -3950
-216 -3960
-217 -3970
-218 -3980
-219 -3990
-211 -4810
-212 -4820
-213 -4830
-214 -4840
-215 -4850
-216 -4860
-217 -4870
-218 -4880
-219 -4890
-211 -6610
-212 -6620
-213 -6630
-214 -6640
-215 -6650
-216 -6660
-217 -6670
-218 -6680
-219 -6690
-211 -7610
-212 -7620
-213 -7630
-214 -7640
-215 -7650
-216 -7660
-217 -7670
-218 -7680
-219 -7690
-211 -8610
-212 -8620
-213 -8630
-214 -8640
-215 -8650
-216 -8660
-217 -8670
-218 -8680
-219 -8690
-211 -9010
-212 -9020
-213 -9030
-214 -9040
-215 -9050
-216 -9060
-217 -9070
-218 -9080
-219 -9090
-301 -3910
-302 -3920
-303 -3930
-304 -3940
-305 -3950
-306 -3960
-307 -3970
-308 -3980
-309 -3990
-301 -4810
-302 -4820
-303 -4830
-304 -4840
-305 -4850
-306 -4860
-307 -4870
-308 -4880
-309 -4890
-301 -6610
-302 -6620
-303 -6630
-304 -6640
-305 -6650
-306 -6660
-307 -6670
-308 -6680
-309 -6690
-301 -7610
-302 -7620
-303 -7630
-304 -7640
-305 -7650
-306 -7660
-307 -7670
-308 -7680
-309 -7690
-301 -8610
-302 -8620
-303 -8630
-304 -8640
-305 -8650
-306 -8660
-307 -8670
-308 -8680
-309 -8690
-301 -9010
-302 -9020
-303 -9030
-304 -9040
-305 -9050
-306 -9060
-307 -9070
-308 -9080
-309 -9090
-391 -4810
-392 -4820
-393 -4830
-394 -4840
-395 -4850
-396 -4860
-397 -4870
-398 -4880
-399 -4890
-391 -6610
-392 -6620
-393 -6630
-394 -6640
-395 -6650
-396 -6660
-397 -6670
-398 -6680
-399 -6690
-391 -7610
-392 -7620
-393 -7630
-394 -7640
-395 -7650
-396 -7660
-397 -7670
-398 -7680
-399 -7690
-391 -8610
-392 -8620
-393 -8630
-394 -8640
-395 -8650
-396 -8660
-397 -8670
-398 -8680
-399 -8690
-391 -9010
-392 -9020
-393 -9030
-394 -9040
-395 -9050
-396 -9060
-397 -9070
-398 -9080
-399 -9090
-481 -6610
-482 -6620
-483 -6630
-484 -6640
-485 -6650
-486 -6660
-487 -6670
-488 -6680
-489 -6690
-481 -7610
-482 -7620
-483 -7630
-484 -7640
-485 -7650
-486 -7660
-487 -7670
-488 -7680
-489 -7690
-481 -8610
-482 -8620
-483 -8630
-484 -8640
-485 -8650
-486 -8660
-487 -8670
-488 -8680
-489 -8690
-481 -9010
-482 -9020
-483 -9030
-484 -9040
-485 -9050
-486 -9060
-487 -9070
-488 -9080
-489 -9090
-661 -7610
-662 -7620
-663 -7630
-664 -7640
-665 -7650
-666 -7660
-667 -7670
-668 -7680
-669 -7690
-661 -8610
-662 -8620
-663 -8630
-664 -8640
-665 -8650
-666 -8660
-667 -8670
-668 -8680
-669 -8690
-661 -9010
-662 -9020
-663 -9030
-664 -9040
-665 -9050
-666 -9060
-667 -9070
-668 -9080
-669 -9090
-761 -8610
-762 -8620
-763 -8630
-764 -8640
-765 -8650
-766 -8660
-767 -8670
-768 -8680
-769 -8690
-761 -9010
-762 -9020
-763 -9030
-764 -9040
-765 -9050
-766 -9060
-767 -9070
-768 -9080
-769 -9090
-861 -9010
-862 -9020
-863 -9030
-864 -9040
-865 -9050
-866 -9060
-867 -9070
-868 -9080
-869 -9090
-131 -2210
-132 -2220
-133 -2230
-134 -2240
-135 -2250
-136 -2260
-137 -2270
-138 -2280
-139 -2290
-131 -3110
-132 -3120
-133 -3130
-134 -3140
-135 -3150
-136 -3160
-137 -3170
-138 -3180
-139 -3190
-131 -4010
-132 -4020
-133 -4030
-134 -4040
-135 -4050
-136 -4060
-137 -4070
-138 -4080
-139 -4090
-131 -4910
-132 -4920
-133 -4930
-134 -4940
-135 -4950
-136 -4960
-137 -4970
-138 -4980
-139 -4990
-131 -6710
-132 -6720
-133 -6730
-134 -6740
-135 -6750
-136 -6760
-137 -6770
-138 -6780
-139 -6790
-131 -7710
-132 -7720
-133 -7730
-134 -7740
-135 -7750
-136 -7760
-137 -7770
-138 -7780
-139 -7790
-131 -8010
-132 -8020
-133 -8030
-134 -8040
-135 -8050
-136 -8060
-137 -8070
-138 -8080
-139 -8090
-131 -9010
-132 -9020
-133 -9030
-134 -9040
-135 -9050
-136 -9060
-137 -9070
-138 -9080
-139 -9090
-221 -3110
-222 -3120
-223 -3130
-224 -3140
-225 -3150
-226 -3160
-227 -3170
-228 -3180
-229 -3190
-221 -4010
-222 -4020
-223 -4030
-224 -4040
-225 -4050
-226 -4060
-227 -4070
-228 -4080
-229 -4090
-221 -4910
-222 -4920
-223 -4930
-224 -4940
-225 -4950
-226 -4960
-227 -4970
-228 -4980
-229 -4990
-221 -6710
-222 -6720
-223 -6730
-224 -6740
-225 -6750
-226 -6760
-227 -6770
-228 -6780
-229 -6790
-221 -7710
-222 -7720
-223 -7730
-224 -7740
-225 -7750
-226 -7760
-227 -7770
-228 -7780
-229 -7790
-221 -8010
-222 -8020
-223 -8030
-224 -8040
-225 -8050
-226 -8060
-227 -8070
-228 -8080
-229 -8090
-221 -9010
-222 -9020
-223 -9030
-224 -9040
-225 -9050
-226 -9060
-227 -9070
-228 -9080
-229 -9090
-311 -4010
-312 -4020
-313 -4030
-314 -4040
-315 -4050
-316 -4060
-317 -4070
-318 -4080
-319 -4090
-311 -4910
-312 -4920
-313 -4930
-314 -4940
-315 -4950
-316 -4960
-317 -4970
-318 -4980
-319 -4990
-311 -6710
-312 -6720
-313 -6730
-314 -6740
-315 -6750
-316 -6760
-317 -6770
-318 -6780
-319 -6790
-311 -7710
-312 -7720
-313 -7730
-314 -7740
-315 -7750
-316 -7760
-317 -7770
-318 -7780
-319 -7790
-311 -8010
-312 -8020
-313 -8030
-314 -8040
-315 -8050
-316 -8060
-317 -8070
-318 -8080
-319 -8090
-311 -9010
-312 -9020
-313 -9030
-314 -9040
-315 -9050
-316 -9060
-317 -9070
-318 -9080
-319 -9090
-401 -4910
-402 -4920
-403 -4930
-404 -4940
-405 -4950
-406 -4960
-407 -4970
-408 -4980
-409 -4990
-401 -6710
-402 -6720
-403 -6730
-404 -6740
-405 -6750
-406 -6760
-407 -6770
-408 -6780
-409 -6790
-401 -7710
-402 -7720
-403 -7730
-404 -7740
-405 -7750
-406 -7760
-407 -7770
-408 -7780
-409 -7790
-401 -8010
-402 -8020
-403 -8030
-404 -8040
-405 -8050
-406 -8060
-407 -8070
-408 -8080
-409 -8090
-401 -9010
-402 -9020
-403 -9030
-404 -9040
-405 -9050
-406 -9060
-407 -9070
-408 -9080
-409 -9090
-491 -6710
-492 -6720
-493 -6730
-494 -6740
-495 -6750
-496 -6760
-497 -6770
-498 -6780
-499 -6790
-491 -7710
-492 -7720
-493 -7730
-494 -7740
-495 -7750
-496 -7760
-497 -7770
-498 -7780
-499 -7790
-491 -8010
-492 -8020
-493 -8030
-494 -8040
-495 -8050
-496 -8060
-497 -8070
-498 -8080
-499 -8090
-491 -9010
-492 -9020
-493 -9030
-494 -9040
-495 -9050
-496 -9060
-497 -9070
-498 -9080
-499 -9090
-671 -7710
-672 -7720
-673 -7730
-674 -7740
-675 -7750
-676 -7760
-677 -7770
-678 -7780
-679 -7790
-671 -8010
-672 -8020
-673 -8030
-674 -8040
-675 -8050
-676 -8060
-677 -8070
-678 -8080
-679 -8090
-671 -9010
-672 -9020
-673 -9030
-674 -9040
-675 -9050
-676 -9060
-677 -9070
-678 -9080
-679 -9090
-771 -8010
-772 -8020
-773 -8030
-774 -8040
-775 -8050
-776 -8060
-777 -8070
-778 -8080
-779 -8090
-771 -9010
-772 -9020
-773 -9030
-774 -9040
-775 -9050
-776 -9060
-777 -9070
-778 -9080
-779 -9090
-141 -2310
-142 -2320
-143 -2330
-144 -2340
-145 -2350
-146 -2360
-147 -2370
-148 -2380
-149 -2390
-141 -3210
-142 -3220
-143 -3230
-144 -3240
-145 -3250
-146 -3260
-147 -3270
-148 -3280
-149 -3290
-141 -4110
-142 -4120
-143 -4130
-144 -4140
-145 -4150
-146 -4160
-147 -4170
-148 -4180
-149 -4190
-141 -5010
-142 -5020
-143 -5030
-144 -5040
-145 -5050
-146 -5060
-147 -5070
-148 -5080
-149 -5090
-141 -6810
-142 -6820
-143 -6830
-144 -6840
-145 -6850
-146 -6860
-147 -6870
-148 -6880
-149 -6890
-141 -7010
-142 -7020
-143 -7030
-144 -7040
-145 -7050
-146 -7060
-147 -7070
-148 -7080
-149 -7090
-141 -8010
-142 -8020
-143 -8030
-144 -8040
-145 -8050
-146 -8060
-147 -8070
-148 -8080
-149 -8090
-141 -9010
-142 -9020
-143 -9030
-144 -9040
-145 -9050
-146 -9060
-147 -9070
-148 -9080
-149 -9090
-231 -3210
-232 -3220
-233 -3230
-234 -3240
-235 -3250
-236 -3260
-237 -3270
-238 -3280
-239 -3290
-231 -4110
-232 -4120
-233 -4130
-234 -4140
-235 -4150
-236 -4160
-237 -4170
-238 -4180
-239 -4190
-231 -5010
-232 -5020
-233 -5030
-234 -5040
-235 -5050
-236 -5060
-237 -5070
-238 -5080
-239 -5090
-231 -6810
-232 -6820
-233 -6830
-234 -6840
-235 -6850
-236 -6860
-237 -6870
-238 -6880
-239 -6890
-231 -7010
-232 -7020
-233 -7030
-234 -7040
-235 -7050
-236 -7060
-237 -7070
-238 -7080
-239 -7090
-231 -8010
-232 -8020
-233 -8030
-234 -8040
-235 -8050
-236 -8060
-237 -8070
-238 -8080
-239 -8090
-231 -9010
-232 -9020
-233 -9030
-234 -9040
-235 -9050
-236 -9060
-237 -9070
-238 -9080
-239 -9090
-321 -4110
-322 -4120
-323 -4130
-324 -4140
-325 -4150
-326 -4160
-327 -4170
-328 -4180
-329 -4190
-321 -5010
-322 -5020
-323 -5030
-324 -5040
-325 -5050
-326 -5060
-327 -5070
-328 -5080
-329 -5090
-321 -6810
-322 -6820
-323 -6830
-324 -6840
-325 -6850
-326 -6860
-327 -6870
-328 -6880
-329 -6890
-321 -7010
-322 -7020
-323 -7030
-324 -7040
-325 -7050
-326 -7060
-327 -7070
-328 -7080
-329 -7090
-321 -8010
-322 -8020
-323 -8030
-324 -8040
-325 -8050
-326 -8060
-327 -8070
-328 -8080
-329 -8090
-321 -9010
-322 -9020
-323 -9030
-324 -9040
-325 -9050
-326 -9060
-327 -9070
-328 -9080
-329 -9090
-411 -5010
-412 -5020
-413 -5030
-414 -5040
-415 -5050
-416 -5060
-417 -5070
-418 -5080
-419 -5090
-411 -6810
-412 -6820
-413 -6830
-414 -6840
-415 -6850
-416 -6860
-417 -6870
-418 -6880
-419 -6890
-411 -7010
-412 -7020
-413 -7030
-414 -7040
-415 -7050
-416 -7060
-417 -7070
-418 -7080
-419 -7090
-411 -8010
-412 -8020
-413 -8030
-414 -8040
-415 -8050
-416 -8060
-417 -8070
-418 -8080
-419 -8090
-411 -9010
-412 -9020
-413 -9030
-414 -9040
-415 -9050
-416 -9060
-417 -9070
-418 -9080
-419 -9090
-501 -6810
-502 -6820
-503 -6830
-504 -6840
-505 -6850
-506 -6860
-507 -6870
-508 -6880
-509 -6890
-501 -7010
-502 -7020
-503 -7030
-504 -7040
-505 -7050
-506 -7060
-507 -7070
-508 -7080
-509 -7090
-501 -8010
-502 -8020
-503 -8030
-504 -8040
-505 -8050
-506 -8060
-507 -8070
-508 -8080
-509 -8090
-501 -9010
-502 -9020
-503 -9030
-504 -9040
-505 -9050
-506 -9060
-507 -9070
-508 -9080
-509 -9090
-681 -7010
-682 -7020
-683 -7030
-684 -7040
-685 -7050
-686 -7060
-687 -7070
-688 -7080
-689 -7090
-681 -8010
-682 -8020
-683 -8030
-684 -8040
-685 -8050
-686 -8060
-687 -8070
-688 -8080
-689 -8090
-681 -9010
-682 -9020
-683 -9030
-684 -9040
-685 -9050
-686 -9060
-687 -9070
-688 -9080
-689 -9090
-151 -2410
-152 -2420
-153 -2430
-154 -2440
-155 -2450
-156 -2460
-157 -2470
-158 -2480
-159 -2490
-151 -3310
-152 -3320
-153 -3330
-154 -3340
-155 -3350
-156 -3360
-157 -3370
-158 -3380
-159 -3390
-151 -4210
-152 -4220
-153 -4230
-154 -4240
-155 -4250
-156 -4260
-157 -4270
-158 -4280
-159 -4290
-151 -5110
-152 -5120
-153 -5130
-154 -5140
-155 -5150
-156 -5160
-157 -5170
-158 -5180
-159 -5190
-151 -6010
-152 -6020
-153 -6030
-154 -6040
-155 -6050
-156 -6060
-157 -6070
-158 -6080
-159 -6090
-151 -7010
-152 -7020
-153 -7030
-154 -7040
-155 -7050
-156 -7060
-157 -7070
-158 -7080
-159 -7090
-151 -8010
-152 -8020
-153 -8030
-154 -8040
-155 -8050
-156 -8060
-157 -8070
-158 -8080
-159 -8090
-151 -9010
-152 -9020
-153 -9030
-154 -9040
-155 -9050
-156 -9060
-157 -9070
-158 -9080
-159 -9090
-241 -3310
-242 -3320
-243 -3330
-244 -3340
-245 -3350
-246 -3360
-247 -3370
-248 -3380
-249 -3390
-241 -4210
-242 -4220
-243 -4230
-244 -4240
-245 -4250
-246 -4260
-247 -4270
-248 -4280
-249 -4290
-241 -5110
-242 -5120
-243 -5130
-244 -5140
-245 -5150
-246 -5160
-247 -5170
-248 -5180
-249 -5190
-241 -6010
-242 -6020
-243 -6030
-244 -6040
-245 -6050
-246 -6060
-247 -6070
-248 -6080
-249 -6090
-241 -7010
-242 -7020
-243 -7030
-244 -7040
-245 -7050
-246 -7060
-247 -7070
-248 -7080
-249 -7090
-241 -8010
-242 -8020
-243 -8030
-244 -8040
-245 -8050
-246 -8060
-247 -8070
-248 -8080
-249 -8090
-241 -9010
-242 -9020
-243 -9030
-244 -9040
-245 -9050
-246 -9060
-247 -9070
-248 -9080
-249 -9090
-331 -4210
-332 -4220
-333 -4230
-334 -4240
-335 -4250
-336 -4260
-337 -4270
-338 -4280
-339 -4290
-331 -5110
-332 -5120
-333 -5130
-334 -5140
-335 -5150
-336 -5160
-337 -5170
-338 -5180
-339 -5190
-331 -6010
-332 -6020
-333 -6030
-334 -6040
-335 -6050
-336 -6060
-337 -6070
-338 -6080
-339 -6090
-331 -7010
-332 -7020
-333 -7030
-334 -7040
-335 -7050
-336 -7060
-337 -7070
-338 -7080
-339 -7090
-331 -8010
-332 -8020
-333 -8030
-334 -8040
-335 -8050
-336 -8060
-337 -8070
-338 -8080
-339 -8090
-331 -9010
-332 -9020
-333 -9030
-334 -9040
-335 -9050
-336 -9060
-337 -9070
-338 -9080
-339 -9090
-421 -5110
-422 -5120
-423 -5130
-424 -5140
-425 -5150
-426 -5160
-427 -5170
-428 -5180
-429 -5190
-421 -6010
-422 -6020
-423 -6030
-424 -6040
-425 -6050
-426 -6060
-427 -6070
-428 -6080
-429 -6090
-421 -7010
-422 -7020
-423 -7030
-424 -7040
-425 -7050
-426 -7060
-427 -7070
-428 -7080
-429 -7090
-421 -8010
-422 -8020
-423 -8030
-424 -8040
-425 -8050
-426 -8060
-427 -8070
-428 -8080
-429 -8090
-421 -9010
-422 -9020
-423 -9030
-424 -9040
-425 -9050
-426 -9060
-427 -9070
-428 -9080
-429 -9090
-511 -6010
-512 -6020
-513 -6030
-514 -6040
-515 -6050
-516 -6060
-517 -6070
-518 -6080
-519 -6090
-511 -7010
-512 -7020
-513 -7030
-514 -7040
-515 -7050
-516 -7060
-517 -7070
-518 -7080
-519 -7090
-511 -8010
-512 -8020
-513 -8030
-514 -8040
-515 -8050
-516 -8060
-517 -8070
-518 -8080
-519 -8090
-511 -9010
-512 -9020
-513 -9030
-514 -9040
-515 -9050
-516 -9060
-517 -9070
-518 -9080
-519 -9090
0
0
0
0
111 201 291 381 471 651 751 851 951 0
112 202 292 382 472 652 752 852 952 0
113 203 293 383 473 653 753 853 953 0
114 204 294 384 474 654 754 854 954 0
115 205 295 385 475 655 755 855 955 0
116 206 296 386 476 656 756 856 956 0
117 207 297 387 477 657 757 857 957 0
118 208 298 388 478 658 758 858 958 0
119 209 299 389 479 659 759 859 959 0
121 211 301 391 481 661 761 861 0
122 212 302 392 482 662 762 862 0
123 213 303 393 483 663 763 863 0
124 214 304 394 484 664 764 864 0
125 215 305 395 485 665 765 865 0
126 216 306 396 486 666 766 866 0
127 217 307 397 487 667 767 867 0
128 218 308 398 488 668 768 868 0
131 221 311 401 491 671 771 0
132 222 312 402 492 672 772 0
133 223 313 403 493 673 773 0
134 224 314 404 494 674 774 0
135 225 315 405 495 675 775 0
136 226 316 406 496 676 776 0
137 227 317 407 497 677 777 0
142 232 322 412 502 682 0
143 233 323 413 503 683 0
144 234 324 414 504 684 0
145 235 325 415 505 685 0
146 236 326 416 506 686 0
147 237 327 417 507 687 0
152 242 332 422 512 0
153 243 333 423 513 0
154 244 334 424 514 0
155 245 335 425 515 0
156 246 336 426 516 0
-111 -1910
-112 -1920
-113 -1930
-114 -1940
-115 -1950
-116 -1960
-117 -1970
-118 -1980
-119 -1990
-111 -2710
-112 -2720
-113 -2730
-114 -2740
-115 -2750
-116 -2760
-117 -2770
-118 -2780
-119 -2790
-111 -3510
-112 -3520
-113 -3530
-114 -3540
-115 -3550
-116 -3560
-117 -3570
-118 -3580
-119 -3590
-111 -4310
-112 -4320
-113 -4330
-114 -4340
-115 -4350
-116 -4360
-117 -4370
-118 -4380
-119 -4390
-191 -1110
-192 -1120
-193 -1130
-194 -1140
-195 -1150
-196 -1160
-197 -1170
-198 -1180
-199 -1190
-191 -2710
-192 -2720
-193 -2730
-194 -2740
-195 -2750
-196 -2760
-197 -2770
-198 -2780
-199 -2790
-191 -3510
-192 -3520
-193 -3530
-194 -3540
-195 -3550
-196 -3560
-197 -3570
-198 -3580
-199 -3590
-191 -4310
-192 -4320
-193 -4330
-194 -4340
-195 -4350
-196 -4360
-197 -4370
-198 -4380
-199 -4390
-271 -1110
-272 -1120
-273 -1130
-274 -1140
-275 -1150
-276 -1160
-277 -1170
-278 -1180
-279 -1190
-271 -1910
-272 -1920
-273 -1930
-274 -1940
-275 -1950
-276 -1960
-277 -1970
-278 -1980
-279 -1990
-271 -3510
-272 -3520
-273 -3530
-274 -3540
-275 -3550
-276 -3560
-277 -3570
-278 -3580
-279 -3590
-271 -4310
-272 -4320
-273 -4330
-274 -4340
-275 -4350
-276 -4360
-277 -4370
-278 -4380
-279 -4390
-351 -1110
-352 -1120
-353 -1130
-354 -1140
-355 -1150
-356 -1160
-357 -1170
-358 -1180
-359 -1190
-351 -1910
-352 -1920
-353 -1930
-354 -1940
-355 -1950
-356 -1960
-357 -1970
-358 -1980
-359 -1990
-351 -2710
-352 -2720
-353 -2730
-354 -2740
-355 -2750
-356 -2760
-357 -2770
-358 -2780
-359 -2790
-351 -4310
-352 -4320
-353 -4330
-354 -4340
-355 -4350
-356 -4360
-357 -4370
-358 -4380
-359 -4390
-431 -1110
-432 -1120
-433 -1130
-434 -1140
-435 -1150
-436 -1160
-437 -1170
-438 -1180
-439 -1190
-431 -1910
-432 -1920
-433 -1930
-434 -1940
-435 -1950
-436 -1960
-437 -1970
-438 -1980
-439 -1990
-431 -2710
-432 -2720
-433 -2730
-434 -2740
-435 -2750
-436 -2760
-437 -2770
-438 -2780
-439 -2790
-431 -3510
-432 -3520
-433 -3530
-434 -3540
-435 -3550
-436 -3560
-437 -3570
-438 -3580
-439 -3590
-121 -2010
-122 -2020
-123 -2030
-124 -2040
-125 -2050
-126 -2060
-127 -2070
-128 -2080
-129 -2090
-121 -2810
-122 -2820
-123 -2830
-124 -2840
-125 -2850
-126 -2860
-127 -2870
-128 -2880
-129 -2890
-121 -3610
-122 -3620
-123 -3630
-124 -3640
-125 -3650
-126 -3660
-127 -3670
-128 -3680
-129 -3690
-121 -4410
-122 -4420
-123 -4430
-124 -4440
-125 -4450
-126 -4460
-127 -4470
-128 -4480
-129 -4490
-121 -6110
-122 -6120
-123 -6130
-124 -6140
-125 -6150
-126 -6160
-127 -6170
-128 -6180
-129 -6190
-201 -1210
-202 -1220
-203 -1230
-204 -1240
-205 -1250
-206 -1260
-207 -1270
-208 -1280
-209 -1290
-201 -2810
-202 -2820
-203 -2830
-204 -2840
-205 -2850
-206 -2860
-207 -2870
-208 -2880
-209 -2890
-201 -3610
-202 -3620
-203 -3630
-204 -3640
-205 -3650
-206 -3660
-207 -3670
-208 -3680
-209 -3690
-201 -4410
-202 -4420
-203 -4430
-204 -4440
-205 -4450
-206 -4460
-207 -4470
-208 -4480
-209 -4490
-201 -6110
-202 -6120
-203 -6130
-204 -6140
-205 -6150
-206 -6160
-207 -6170
-208 -6180
-209 -6190
-281 -1210
-282 -1220
-283 -1230
-284 -1240
-285 -1250
-286 -1260
-287 -1270
-288 -1280
-289 -1290
-281 -2010
-282 -2020
-283 -2030
-284 -2040
-285 -2050
-286 -2060
-287 -2070
-288 -2080
-289 -2090
-281 -3610
-282 -3620
-283 -3630
-284 -3640
-285 -3650
-286 -3660
-287 -3670
-288 -3680
-289 -3690
-281 -4410
-282 -4420
-283 -4430
-284 -4440
-285 -4450
-286 -4460
-287 -4470
-288 -4480
-289 -4490
-281 -6110
-282 -6120
-283 -6130
-284 -6140
-285 -6150
-286 -6160
-287 -6170
-288 -6180
-289 -6190
-361 -1210
-362 -1220
-363 -1230
-364 -1240
-365 -1250
-366 -1260
-367 -1270
-368 -1280
-369 -1290
-361 -2010
-362 -2020
-363 -2030
-364 -2040
-365 -2050
-366 -2060
-367 -2070
-368 -2080
-369 -2090
-361 -2810
-362 -2820
-363 -2830
-364 -2840
-365 -2850
-366 -2860
-367 -2870
-368 -2880
-369 -2890
-361 -4410
-362 -4420
-363 -4430
-364 -4440
-365 -4450
-366 -4460
-367 -4470
-368 -4480
-369 -4490
-361 -6110
-362 -6120
-363 -6130
-364 -6140
-365 -6150
-366 -6160
-367 -6170
-368 -6180
-369 -6190
-441 -1210
-442 -1220
-443 -1230
-444 -1240
-445 -1250
-446 -1260
-447 -1270
-448 -1280
-449 -1290
-441 -2010
-442 -2020
-443 -2030
-444 -2040
-445 -2050
-446 -2060
-447 -2070
-448 -2080
-449 -2090
-441 -2810
-442 -2820
-443 -2830
-444 -2840
-445 -2850
-446 -2860
-447 -2870
-448 -2880
-449 -2890
-441 -3610
-442 -3620
-443 -3630
-444 -3640
-445 -3650
-446 -3660
-447 -3670
-448 -3680
-449 -3690
-441 -6110
-442 -6120
-443 -6130
-444 -6140
-445 -6150
-446 -6160
-447 -6170
-448 -6180
-449 -6190
-611 -1210
-612 -1220
-613 -1230
-614 -1240
-615 -1250
-616 -1260
-617 -1270
-618 -1280
-619 -1290
-611 -2010
-612 -2020
-613 -2030
-614 -2040
-615 -2050
-616 -2060
-617 -2070
-618 -2080
-619 -2090
-611 -2810
-612 -2820
-613 -2830
-614 -2840
-615 -2850
-616 -2860
-617 -2870
-618 -2880
-619 -2890
-611 -3610
-612 -3620
-613 -3630
-614 -3640
-615 -3650
-616 -3660
-617 -3670
-618 -3680
-619 -3690
-611 -4410
-612 -4420
-613 -4430
-614 -4440
-615 -4450
-616 -4460
-617 -4470
-618 -4480
-619 -4490
-131 -2110
-132 -2120
-133 -2130
-134 -2140
-135 -2150
-136 -2160
-137 -2170
-138 -2180
-139 -2190
-131 -2910
-132 -2920
-133 -2930
-134 -2940
-135 -2950
-136 -2960
-137 -2970
-138 -2980
-139 -2990
-131 -3710
-132 -3720
-133 -3730
-134 -3740
-135 -3750
-136 -3760
-137 -3770
-138 -3780
-139 -3790
-131 -4510
-132 -4520
-133 -4530
-134 -4540
-135 -4550
-136 -4560
-137 -4570
-138 -4580
-139 -4590
-131 -6210
-132 -6220
-133 -6230
-134 -6240
-135 -6250
-136 -6260
-137 -6270
-138 -6280
-139 -6290
-131 -7110
-132 -7120
-133 -7130
-134 -7140
-135 -7150
-136 -7160
-137 -7170
-138 -7180
-139 -7190
-211 -1310
-212 -1320
-213 -1330
-214 -1340
-215 -1350
-216 -1360
-217 -1370
-218 -1380
-219 -1390
-211 -2910
-212 -2920
-213 -2930
-214 -2940
-215 -2950
-216 -2960
-217 -2970
-218 -2980
-219 -2990
-211 -3710
-212 -3720
-213 -3730
-214 -3740
-215 -3750
-216 -3760
-217 -3770
-218 -3780
-219 -3790
-211 -4510
-212 -4520
-213 -4530
-214 -4540
-215 -4550
-216 -4560
-217 -4570
-218 -4580
-219 -4590
-211 -6210
-212 -6220
-213 -6230
-214 -6240
-215 -6250
-216 -6260
-217 -6270
-218 -6280
-219 -6290
-211 -7110
-212 -7120
-213 -7130
-214 -7140
-215 -7150
-216 -7160
-217 -7170
-218 -7180
-219 -7190
-291 -1310
-292 -1320
-293 -1330
-294 -1340
-295 -1350
-296 -1360
-297 -1370
-298 -1380
-299 -1390
-291 -2110
-292 -2120
-293 -2130
-294 -2140
-295 -2150
-296 -2160
-297 -2170
-298 -2180
-299 -2190
-291 -3710
-292 -3720
-293 -3730
-294 -3740
-295 -3750
-296 -3760
-297 -3770
-298 -3780
-299 -3790
-291 -4510
-292 -4520
-293 -4530
-294 -4540
-295 -4550
-296 -4560
-297 -4570
-298 -4580
-299 -4590
-291 -6210
-292 -6220
-293 -6230
-294 -6240
-295 -6250
-296 -6260
-297 -6270
-298 -6280
-299 -6290
-291 -7110
-292 -7120
-293 -7130
-294 -7140
-295 -7150
-296 -7160
-297 -7170
-298 -7180
-299 -7190
-371 -1310
-372 -1320
-373 -1330
-374 -1340
-375 -1350
-376 -1360
-377 -1370
-378 -1380
-379 -1390
-371 -2110
-372 -2120
-373 -2130
-374 -2140
-375 -2150
-376 -2160
-377 -2170
-378 -2180
-379 -2190
-371 -2910
-372 -2920
-373 -2930
-374 -2940
-375 -2950
-376 -2960
-377 -2970
-378 -2980
-379 -2990
-371 -4510
-372 -4520
-373 -4530
-374 -4540
-375 -4550
-376 -4560
-377 -4570
-378 -4580
-379 -4590
-371 -6210
-372 -6220
-373 -6230
-374 -6240
-375 -6250
-376 -6260
-377 -6270
-378 -6280
-379 -6290
-371 -7110
-372 -7120
-373 -7130
-374 -7140
-375 -7150
-376 -7160
-377 -7170
-378 -7180
-379 -7190
-451 -1310
-452 -1320
-453 -1330
-454 -1340
-455 -1350
-456 -1360
-457 -1370
-458 -1380
-459 -1390
-451 -2110
-452 -2120
-453 -2130
-454 -2140
-455 -2150
-456 -2160
-457 -2170
-458 -2180
-459 -2190
-451 -2910
-452 -2920
-453 -2930
-454 -2940
-455 -2950
-456 -2960
-457 -2970
-458 -2980
-459 -2990
-451 -3710
-452 -3720
-453 -3730
-454 -3740
-455 -3750
-456 -3760
-457 -3770
-458 -3780
-459 -3790
-451 -6210
-452 -6220
-453 -6230
-454 -6240
-455 -6250
-456 -6260
-457 -6270
-458 -6280
-459 -6290
-451 -7110
-452 -7120
-453 -7130
-454 -7140
-455 -7150
-456 -7160
-457 -7170
-458 -7180
-459 -7190
-621 -1310
-622 -1320
-623 -1330
-624 -1340
-625 -1350
-626 -1360
-627 -1370
-628 -1380
-629 -1390
-621 -2110
-622 -2120
-623 -2130
-624 -2140
-625 -2150
-626 -2160
-627 -2170
-628 -2180
-629 -2190
-621 -2910
-622 -2920
-623 -2930
-624 -2940
-625 -2950
-626 -2960
-627 -2970
-628 -2980
-629 -2990
-621 -3710
-622 -3720
-623 -3730
-624 -3740
-625 -3750
-626 -3760
-627 -3770
-628 -3780
-629 -3790
-621 -4510
-622 -4520
-623 -4530
-624 -4540
-625 -4550
-626 -4560
-627 -4570
-628 -4580
-629 -4590
-621 -7110
-622 -7120
-623 -7130
-624 -7140
-625 -7150
-626 -7160
-627 -7170
-628 -7180
-629 -7190
-711 -1310
-712 -1320
-713 -1330
-714 -1340
-715 -1350
-716 -1360
-717 -1370
-718 -1380
-719 -1390
-711 -2110
-712 -2120
-713 -2130
-714 -2140
-715 -2150
-716 -2160
-717 -2170
-718 -2180
-719 -2190
-711 -2910
-712 -2920
-713 -2930
-714 -2940
-715 -2950
-716 -2960
-717 -2970
-718 -2980
-719 -2990
-711 -3710
-712 -3720
-713 -3730
-714 -3740
-715 -3750
-716 -3760
-717 -3770
-718 -3780
-719 -3790
-711 -4510
-712 -4520
-713 -4530
-714 -4540
-715 -4550
-716 -4560
-717 -4570
-718 -4580
-719 -4590
-711 -6210
-712 -6220
-713 -6230
-714 -6240
-715 -6250
-716 -6260
-717 -6270
-718 -6280
-719 -6290
-141 -2210
-142 -2220
-143 -2230
-144 -2240
-145 -2250
-146 -2260
-147 -2270
-148 -2280
-149 -2290
-141 -3010
-142 -3020
-143 -3030
-144 -3040
-145 -3050
-146 -3060
-147 -3070
-148 -3080
-149 -3090
-141 -3810
-142 -3820
-143 -3830
-144 -3840
-145 -3850
-146 -3860
-147 -3870
-148 -3880
-149 -3890
-141 -4610
-142 -4620
-143 -4630
-144 -4640
-145 -4650
-146 -4660
-147 -4670
-148 -4680
-149 -4690
-141 -6310
-142 -6320
-143 -6330
-144 -6340
-145 -6350
-146 -6360
-147 -6370
-148 -6380
-149 -6390
-141 -7210
-142 -7220
-143 -7230
-144 -7240
-145 -7250
-146 -7260
-147 -7270
-148 -7280
-149 -7290
-141 -8110
-142 -8120
-143 -8130
-144 -8140
-145 -8150
-146 -8160
-147 -8170
-148 -8180
-149 -8190
-221 -1410
-222 -1420
-223 -1430
-224 -1440
-225 -1450
-226 -1460
-227 -1470
-228 -1480
-229 -1490
-221 -3010
-222 -3020
-223 -3030
-224 -3040
-225 -3050
-226 -3060
-227 -3070
-228 -3080
-229 -3090
-221 -3810
-222 -3820
-223 -3830
-224 -3840
-225 -3850
-226 -3860
-227 -3870
-228 -3880
-229 -3890
-221 -4610
-222 -4620
-223 -4630
-224 -4640
-225 -4650
-226 -4660
-227 -4670
-228 -4680
-229 -4690
-221 -6310
-222 -6320
-223 -6330
-224 -6340
-225 -6350
-226 -6360
-227 -6370
-228 -6380
-229 -6390
-221 -7210
-222 -7220
-223 -7230
-224 -7240
-225 -7250
-226 -7260
-227 -7270
-228 -7280
-229 -7290
-221 -8110
-222 -8120
-223 -8130
-224 -8140
-225 -8150
-226 -8160
-227 -8170
-228 -8180
-229 -8190
-301 -1410
-302 -1420
-303 -1430
-304 -1440
-305 -1450
-306 -1460
-307 -1470
-308 -1480
-309 -1490
-301 -2210
-302 -2220
-303 -2230
-304 -2240
-305 -2250
-306 -2260
-307 -2270
-308 -2280
-309 -2290
-301 -3810
-302 -3820
-303 -3830
-304 -3840
-305 -3850
-306 -3860
-307 -3870
-308 -3880
-309 -3890
-301 -4610
-302 -4620
-303 -4630
-304 -4640
-305 -4650
-306 -4660
-307 -4670
-308 -4680
-309 -4690
-301 -6310
-302 -6320
-303 -6330
-304 -6340
-305 -6350
-306 -6360
-307 -6370
-308 -6380
-309 -6390
-301 -7210
-302 -7220
-303 -7230
-304 -7240
-305 -7250
-306 -7260
-307 -7270
-308 -7280
-309 -7290
-301 -8110
-302 -8120
-303 -8130
-304 -8140
-305 -8150
-306 -8160
-307 -8170
-308 -8180
-309 -8190
-381 -1410
-382 -1420
-383 -1430
-384 -1440
-385 -1450
-386 -1460
-387 -1470
-388 -1480
-389 -1490
-381 -2210
-382 -2220
-383 -2230
-384 -2240
-385 -2250
-386 -2260
-387 -2270
-388 -2280
-389 -2290
-381 -3010
-382 -3020
-383 -3030
-384 -3040
-385 -3050
-386 -3060
-387 -3070
-388 -3080
-389 -3090
-381 -4610
-382 -4620
-383 -4630
-384 -4640
-385 -4650
-386 -4660
-387 -4670
-388 -4680
-389 -4690
-381 -6310
-382 -6320
-383 -6330
-384 -6340
-385 -6350
-386 -6360
-387 -6370
-388 -6380
-389 -6390
-381 -7210
-382 -7220
-383 -7230
-384 -7240
-385 -7250
-386 -7260
-387 -7270
-388 -7280
-389 -7290
-381 -8110
-382 -8120
-383 -8130
-384 -8140
-385 -8150
-386 -8160
-387 -8170
-388 -8180
-389 -8190
-461 -1410
-462 -1420
-463 -1430
-464 -1440
-465 -1450
-466 -1460
-467 -1470
-468 -1480
-469 -1490
-461 -2210
-462 -2220
-463 -2230
-464 -2240
-465 -2250
-466 -2260
-467 -2270
-468 -2280
-469 -2290
-461 -3010
-462 -3020
-463 -3030
-464 -3040
-465 -3050
-466 -3060
-467 -3070
-468 -3080
-469 -3090
-461 -3810
-462 -3820
-463 -3830
-464 -3840
-465 -3850
-466 -3860
-467 -3870
-468 -3880
-469 -3890
-461 -6310
-462 -6320
-463 -6330
-464 -6340
-465 -6350
-466 -6360
-467 -6370
-468 -6380
-469 -6390
-461 -7210
-462 -7220
-463 -7230
-464 -7240
-465 -7250
-466 -7260
-467 -7270
-468 -7280
-469 -7290
-461 -8110
-462 -8120
-463 -8130
-464 -8140
-465 -8150
-466 -8160
-467 -8170
-468 -8180
-469 -8190
-631 -1410
-632 -1420
-633 -1430
-634 -1440
-635 -1450
-636 -1460
-637 -1470
-638 -1480
-639 -1490
-631 -2210
-632 -2220
-633 -2230
-634 -2240
-635 -2250
-636 -2260
-637 -2270
-638 -2280
-639 -2290
-631 -3010
-632 -3020
-633 -3030
-634 -3040
-635 -3050
-636 -3060
-637 -3070
-638 -3080
-639 -3090
-631 -3810
-632 -3820
-633 -3830
-634 -3840
-635 -3850
-636 -3860
-637 -3870
-638 -3880
-639 -3890
-631 -4610
-632 -4620
-633 -4630
-634 -4640
-635 -4650
-636 -4660
-637 -4670
-638 -4680
-639 -4690
-631 -7210
-632 -7220
-633 -7230
-634 -7240
-635 -7250
-636 -7260
-637 -7270
-638 -7280
-639 -7290
-631 -8110
-632 -8120
-633 -8130
-634 -8140
-635 -8150
-636 -8160
-637 -8170
-638 -8180
-639 -8190
-721 -1410
-722 -1420
-723 -1430
-724 -1440
-725 -1450
-726 -1460
-727 -1470
-728 -1480
-729 -1490
-721 -2210
-722 -2220
-723 -2230
-724 -2240
-725 -2250
-726 -2260
-727 -2270
-728 -2280
-729 -2290
-721 -3010
-722 -3020
-723 -3030
-724 -3040
-725 -3050
-726 -3060
-727 -3070
-728 -3080
-729 -3090
-721 -3810
-722 -3820
-723 -3830
-724 -3840
-725 -3850
-726 -3860
-727 -3870
-728 -3880
-729 -3890
-721 -4610
-722 -4620
-723 -4630
-724 -4640
-725 -4650
-726 -4660
-727 -4670
-728 -4680
-729 -4690
-721 -6310
-722 -6320
-723 -6330
-724 -6340
-725 -6350
-726 -6360
-727 -6370
-728 -6380
-729 -6390
-721 -8110
-722 -8120
-723 -8130
-724 -8140
-725 -8150
-726 -8160
-727 -8170
-728 -8180
-729 -8190
-811 -1410
-812 -1420
-813 -1430
-814 -1440
-815 -1450
-816 -1460
-817 -1470
-818 -1480
-819 -1490
-811 -2210
-812 -2220
-813 -2230
-814 -2240
-815 -2250
-816 -2260
-817 -2270
-818 -2280
-819 -2290
-811 -3010
-812 -3020
-813 -3030
-814 -3040
-815 -3050
-816 -3060
-817 -3070
-818 -3080
-819 -3090
-811 -3810
-812 -3820
-813 -3830
-814 -3840
-815 -3850
-816 -3860
-817 -3870
-818 -3880
-819 -3890
-811 -4610
-812 -4620
-813 -4630
-814 -4640
-815 -4650
-816 -4660
-817 -4670
-818 -4680
-819 -4690
-811 -6310
-812 -6320
-813 -6330
-814 -6340
-815 -6350
-816 -6360
-817 -6370
-818 -6380
-819 -6390
-811 -7210
-812 -7220
-813 -7230
-814 -7240
-815 -7250
-816 -7260
-817 -7270
-818 -7280
-819 -7290
-151 -2310
-152 -2320
-153 -2330
-154 -2340
-155 -2350
-156 -2360
-157 -2370
-158 -2380
-159 -2390
-151 -3110
-152 -3120
-153 -3130
-154 -3140
-155 -3150
-156 -3160
-157 -3170
-158 -3180
-159 -3190
-151 -3910
-152 -3920
-153 -3930
-154 -3940
-155 -3950
-156 -3960
-157 -3970
-158 -3980
-159 -3990
-151 -4710
-152 -4720
-153 -4730
-154 -4740
-155 -4750
-156 -4760
-157 -4770
-158 -4780
-159 -4790
-151 -6410
-152 -6420
-153 -6430
-154 -6440
-155 -6450
-156 -6460
-157 -6470
-158 -6480
-159 -6490
-151 -7310
-152 -7320
-153 -7330
-154 -7340
-155 -7350
-156 -7360
-157 -7370
-158 -7380
-159 -7390
-151 -8210
-152 -8220
-153 -8230
-154 -8240
-155 -8250
-156 -8260
-157 -8270
-158 -8280
-159 -8290
-151 -9110
-152 -9120
-153 -9130
-154 -9140
-155 -9150
-156 -9160
-157 -9170
-158 -9180
-159 -9190
-231 -1510
-232 -1520
-233 -1530
-234 -1540
-235 -1550
-236 -1560
-237 -1570
-238 -1580
-239 -1590
-231 -3110
-232 -3120
-233 -3130
-234 -3140
-235 -3150
-236 -3160
-237 -3170
-238 -3180
-239 -3190
-231 -3910
-232 -3920
-233 -3930
-234 -3940
-235 -3950
-236 -3960
-237 -3970
-238 -3980
-239 -3990
-231 -4710
-232 -4720
-233 -4730
-234 -4740
-235 -4750
-236 -4760
-237 -4770
-238 -4780
-239 -4790
-231 -6410
-232 -6420
-233 -6430
-234 -6440
-235 -6450
-236 -6460
-237 -6470
-238 -6480
-239 -6490
-231 -7310
-232 -7320
-233 -7330
-234 -7340
-235 -7350
-236 -7360
-237 -7370
-238 -7380
-239 -7390
-231 -8210
-232 -8220
-233 -8230
-234 -8240
-235 -8250
-236 -8260
-237 -8270
-238 -8280
-239 -8290
-231 -9110
-232 -9120
-233 -9130
-234 -9140
-235 -9150
-236 -9160
-237 -9170
-238 -9180
-239 -9190
-311 -1510
-312 -1520
-313 -1530
-314 -1540
-315 -1550
-316 -1560
-317 -1570
-318 -1580
-319 -1590
-311 -2310
-312 -2320
-313 -2330
-314 -2340
-315 -2350
-316 -2360
-317 -2370
-318 -2380
-319 -2390
-311 -3910
-312 -3920
-313 -3930
-314 -3940
-315 -3950
-316 -3960
-317 -3970
-318 -3980
-319 -3990
-311 -4710
-312 -4720
-313 -4730
-314 -4740
-315 -4750
-316 -4760
-317 -4770
-318 -4780
-319 -4790
-311 -6410
-312 -6420
-313 -6430
-314 -6440
-315 -6450
-316 -6460
-317 -6470
-318 -6480
-319 -6490
-311 -7310
-312 -7320
-313 -7330
-314 -7340
-315 -7350
-316 -7360
-317 -7370
-318 -7380
-319 -7390
-311 -8210
-312 -8220
-313 -8230
-314 -8240
-315 -8250
-316 -8260
-317 -8270
-318 -8280
-319 -8290
-311 -9110
-312 -9120
-313 -9130
-314 -9140
-315 -9150
-316 -9160
-317 -9170
-318 -9180
-319 -9190
-391 -1510
-392 -1520
-393 -1530
-394 -1540
-395 -1550
-396 -1560
-397 -1570
-398 -1580
-399 -1590
-391 -2310
-392 -2320
-393 -2330
-394 -2340
-395 -2350
-396 -2360
-397 -2370
-398 -2380
-399 -2390
-391 -3110
-392 -3120
-393 -3130
-394 -3140
-395 -3150
-396 -3160
-397 -3170
-398 -3180
-399 -3190
-391 -4710
-392 -4720
-393 -4730
-394 -4740
-395 -4750
-396 -4760
-397 -4770
-398 -4780
-399 -4790
-391 -6410
-392 -6420
-393 -6430
-394 -6440
-395 -6450
-396 -6460
-397 -6470
-398 -6480
-399 -6490
-391 -7310
-392 -7320
-393 -7330
-394 -7340
-395 -7350
-396 -7360
-397 -7370
-398 -7380
-399 -7390
-391 -8210
-392 -8220
-393 -8230
-394 -8240
-395 -8250
-396 -8260
-397 -8270
-398 -8280
-399 -8290
-391 -9110
-392 -9120
-393 -9130
-394 -9140
-395 -9150
-396 -9160
-397 -9170
-398 -9180
-399 -9190
-471 -1510
-472 -1520
-473 -1530
-474 -1540
-475 -1550
-476 -1560
-477 -1570
-478 -1580
-479 -1590
-471 -2310
-472 -2320
-473 -2330
-474 -2340
-475 -2350
-476 -2360
-477 -2370
-478 -2380
-479 -2390
-471 -3110
-472 -3120
-473 -3130
-474 -3140
-475 -3150
-476 -3160
-477 -3170
-478 -3180
-479 -3190
-471 -3910
-472 -3920
-473 -3930
-474 -3940
-475 -3950
-476 -3960
-477 -3970
-478 -3980
-479 -3990
-471 -6410
-472 -6420
-473 -6430
-474 -6440
-475 -6450
-476 -6460
-477 -6470
-478 -6480
-479 -6490
-471 -7310
-472 -7320
-473 -7330
-474 -7340
-475 -7350
-476 -7360
-477 -7370
-478 -7380
-479 -7390
-471 -8210
-472 -8220
-473 -8230
-474 -8240
-475 -8250
-476 -8260
-477 -8270
-478 -8280
-479 -8290
-471 -9110
-472 -9120
-473 -9130
-474 -9140
-475 -9150
-476 -9160
-477 -9170
-478 -9180
-479 -9190
-641 -1510
-642 -1520
-643 -1530
-644 -1540
-645 -1550
-646 -1560
-647 -1570
-648 -1580
-649 -1590
-641 -2310
-642 -2320
-643 -2330
-644 -2340
-645 -2350
-646 -2360
-647 -2370
-648 -2380
-649 -2390
-641 -3110
-642 -3120
-643 -3130
-644 -3140
-645 -3150
-646 -3160
-647 -3170
-648 -3180
-649 -3190
-641 -3910
-642 -3920
-643 -3930
-644 -3940
-645 -3950
-646 -3960
-647 -3970
-648 -3980
-649 -3990
-641 -4710
-642 -4720
-643 -4730
-644 -4740
-645 -4750
-646 -4760
-647 -4770
-648 -4780
-649 -4790
-641 -7310
-642 -7320
-643 -7330
-644 -7340
-645 -7350
-646 -7360
-647 -7370
-648 -7380
-649 -7390
-641 -8210
-642 -8220
-643 -8230
-644 -8240
-645 -8250
-646 -8260
-647 -8270
-648 -8280
-649 -8290
-641 -9110
-642 -9120
-643 -9130
-644 -9140
-645 -9150
-646 -9160
-647 -9170
-648 -9180
-649 -9190
-731 -1510
-732 -1520
-733 -1530
-734 -1540
-735 -1550
-736 -1560
-737 -1570
-738 -1580
-739 -1590
-731 -2310
-732 -2320
-733 -2330
-734 -2340
-735 -2350
-736 -2360
-737 -2370
-738 -2380
-739 -2390
-731 -3110
-732 -3120
-733 -3130
-734 -3140
-735 -3150
-736 -3160
-737 -3170
-738 -3180
-739 -3190
-731 -3910
-732 -3920
-733 -3930
-734 -3940
-735 -3950
-736 -3960
-737 -3970
-738 -3980
-739 -3990
-731 -4710
-732 -4720
-733 -4730
-734 -4740
-735 -4750
-736 -4760
-737 -4770
-738 -4780
-739 -4790
-731 -6410
-732 -6420
-733 -6430
-734 -6440
-735 -6450
-736 -6460
-737 -6470
-738 -6480
-739 -6490
-731 -8210
-732 -8220
-733 -8230
-734 -8240
-735 -8250
-736 -8260
-737 -8270
-738 -8280
-739 -8290
-731 -9110
-732 -9120
-733 -9130
-734 -9140
-735 -9150
-736 -9160
-737 -9170
-738 -9180
-739 -9190
-821 -1510
-822 -1520
-823 -1530
-824 -1540
-825 -1550
-826 -1560
-827 -1570
-828 -1580
-829 -1590
-821 -2310
-822 -2320
-823 -2330
-824 -2340
-825 -2350
-826 -2360
-827 -2370
-828 -2380
-829 -2390
-821 -3110
-822 -3120
-823 -3130
-824 -3140
-825 -3150
-826 -3160
-827 -3170
-828 -3180
-829 -3190
-821 -3910
-822 -3920
-823 -3930
-824 -3940
-825 -3950
-826 -3960
-827 -3970
-828 -3980
-829 -3990
-821 -4710
-822 -4720
-823 -4730
-824 -4740
-825 -4750
-826 -4760
-827 -4770
-828 -4780
-829 -4790
-821 -6410
-822 -6420
-823 -6430
-824 -6440
-825 -6450
-826 -6460
-827 -6470
-828 -6480
-829 -6490
-821 -7310
-822 -7320
-823 -7330
-824 -7340
-825 -7350
-826 -7360
-827 -7370
-828 -7380
-829 -7390
-821 -9110
-822 -9120
-823 -9130
-824 -9140
-825 -9150
-826 -9160
-827 -9170
-828 -9180
-829 -9190
-911 -1510
-912 -1520
-913 -1530
-914 -1540
-915 -1550
-916 -1560
-917 -1570
-918 -1580
-919 -1590
-911 -2310
-912 -2320
-913 -2330
-914 -2340
-915 -2350
-916 -2360
-917 -2370
-918 -2380
-919 -2390
-911 -3110
-912 -3120
-913 -3130
-914 -3140
-915 -3150
-916 -3160
-917 -3170
-918 -3180
-919 -3190
-911 -3910
-912 -3920
-913 -3930
-914 -3940
-915 -3950
-916 -3960
-917 -3970
-918 -3980
-919 -3990
-911 -4710
-912 -4720
-913 -4730
-914 -4740
-915 -4750
-916 -4760
-917 -4770
-918 -4780
-919 -4790
-911 -6410
-912 -6420
-913 -6430
-914 -6440
-915 -6450
-916 -6460
-917 -6470
-918 -6480
-919 -6490
-911 -7310
-912 -7320
-913 -7330
-914 -7340
-915 -7350
-916 -7360
-917 -7370
-918 -7380
-919 -7390
-911 -8210
-912 -8220
-913 -8230
-914 -8240
-915 -8250
-916 -8260
-917 -8270
-918 -8280
-919 -8290
-241 -3210
-242 -3220
-243 -3230
-244 -3240
-245 -3250
-246 -3260
-247 -3270
-248 -3280
-249 -3290
-241 -4010
-242 -4020
-243 -4030
-244 -4040
-245 -4050
-246 -4060
-247 -4070
-248 -4080
-249 -4090
-241 -4810
-242 -4820
-243 -4830
-244 -4840
-245 -4850
-246 -4860
-247 -4870
-248 -4880
-249 -4890
-241 -6510
-242 -6520
-243 -6530
-244 -6540
-245 -6550
-246 -6560
-247 -6570
-248 -6580
-249 -6590
-241 -7410
-242 -7420
-243 -7430
-244 -7440
-245 -7450
-246 -7460
-247 -7470
-248 -7480
-249 -7490
-241 -8310
-242 -8320
-243 -8330
-244 -8340
-245 -8350
-246 -8360
-247 -8370
-248 -8380
-249 -8390
-241 -9210
-242 -9220
-243 -9230
-244 -9240
-245 -9250
-246 -9260
-247 -9270
-248 -9280
-249 -9290
-321 -2410
-322 -2420
-323 -2430
-324 -2440
-325 -2450
-326 -2460
-327 -2470
-328 -2480
-329 -2490
-321 -4010
-322 -4020
-323 -4030
-324 -4040
-325 -4050
-326 -4060
-327 -4070
-328 -4080
-329 -4090
-321 -4810
-322 -4820
-323 -4830
-324 -4840
-325 -4850
-326 -4860
-327 -4870
-328 -4880
-329 -4890
-321 -6510
-322 -6520
-323 -6530
-324 -6540
-325 -6550
-326 -6560
-327 -6570
-328 -6580
-329 -6590
-321 -7410
-322 -7420
-323 -7430
-324 -7440
-325 -7450
-326 -7460
-327 -7470
-328 -7480
-329 -7490
-321 -8310
-322 -8320
-323 -8330
-324 -8340
-325 -8350
-326 -8360
-327 -8370
-328 -8380
-329 -8390
-321 -9210
-322 -9220
-323 -9230
-324 -9240
-325 -9250
-326 -9260
-327 -9270
-328 -9280
-329 -9290
-401 -2410
-402 -2420
-403 -2430
-404 -2440
-405 -2450
-406 -2460
-407 -2470
-408 -2480
-409 -2490
-401 -3210
-402 -3220
-403 -3230
-404 -3240
-405 -3250
-406 -3260
-407 -3270
-408 -3280
-409 -3290
-401 -4810
-402 -4820
-403 -4830
-404 -4840
-405 -4850
-406 -4860
-407 -4870
-408 -4880
-409 -4890
-401 -6510
-402 -6520
-403 -6530
-404 -6540
-405 -6550
-406 -6560
-407 -6570
-408 -6580
-409 -6590
-401 -7410
-402 -7420
-403 -7430
-404 -7440
-405 -7450
-406 -7460
-407 -7470
-408 -7480
-409 -7490
-401 -8310
-402 -8320
-403 -8330
-404 -8340
-405 -8350
-406 -8360
-407 -8370
-408 -8380
-409 -8390
-401 -9210
-402 -9220
-403 -9230
-404 -9240
-405 -9250
-406 -9260
-407 -9270
-408 -9280
-409 -9290
-481 -2410
-482 -2420
-483 -2430
-484 -2440
-485 -2450
-486 -2460
-487 -2470
-488 -2480
-489 -2490
-481 -3210
-482 -3220
-483 -3230
-484 -3240
-485 -3250
-486 -3260
-487 -3270
-488 -3280
-489 -3290
-481 -4010
-482 -4020
-483 -4030
-484 -4040
-485 -4050
-486 -4060
-487 -4070
-488 -4080
-489 -4090
-481 -6510
-482 -6520
-483 -6530
-484 -6540
-485 -6550
-486 -6560
-487 -6570
-488 -6580
-489 -6590
-481 -7410
-482 -7420
-483 -7430
-484 -7440
-485 -7450
-486 -7460
-487 -7470
-488 -7480
-489 -7490
-481 -8310
-482 -8320
-483 -8330
-484 -8340
-485 -8350
-486 -8360
-487 -8370
-488 -8380
-489 -8390
-481 -9210
-482 -9220
-483 -9230
-484 -9240
-485 -9250
-486 -9260
-487 -9270
-488 -9280
-489 -9290
-651 -2410
-652 -2420
-653 -2430
-654 -2440
-655 -2450
-656 -2460
-657 -2470
-658 -2480
-659 -2490
-651 -3210
-652 -3220
-653 -3230
-654 -3240
-655 -3250
-656 -3260
-657 -3270
-658 -3280
-659 -3290
-651 -4010
-652 -4020
-653 -4030
-654 -4040
-655 -4050
-656 -4060
-657 -4070
-658 -4080
-659 -4090
-651 -4810
-652 -4820
-653 -4830
-654 -4840
-655 -4850
-656 -4860
-657 -4870
-658 -4880
-659 -4890
-651 -7410
-652 -7420
-653 -7430
-654 -7440
-655 -7450
-656 -7460
-657 -7470
-658 -7480
-659 -7490
-651 -8310
-652 -8320
-653 -8330
-654 -8340
-655 -8350
-656 -8360
-657 -8370
-658 -8380
-659 -8390
-651 -9210
-652 -9220
-653 -9230
-654 -9240
-655 -9250
-656 -9260
-657 -9270
-658 -9280
-659 -9290
-741 -2410
-742 -2420
-743 -2430
-744 -2440
-745 -2450
-746 -2460
-747 -2470
-748 -2480
-749 -2490
-741 -3210
-742 -3220
-743 -3230
-744 -3240
-745 -3250
-746 -3260
-747 -3270
-748 -3280
-749 -3290
-741 -4010
-742 -4020
-743 -4030
-744 -4040
-745 -4050
-746 -4060
-747 -4070
-748 -4080
-749 -4090
-741 -4810
-742 -4820
-743 -4830
-744 -4840
-745 -4850
-746 -4860
-747 -4870
-748 -4880
-749 -4890
-741 -6510
-742 -6520
-743 -6530
-744 -6540
-745 -6550
-746 -6560
-747 -6570
-748 -6580
-749 -6590
-741 -8310
-742 -8320
-743 -8330
-744 -8340
-745 -8350
-746 -8360
-747 -8370
-748 -8380
-749 -8390
-741 -9210
-742 -9220
-743 -9230
-744 -9240
-745 -9250
-746 -9260
-747 -9270
-748 -9280
-749 -9290
-831 -2410
-832 -2420
-833 -2430
-834 -2440
-835 -2450
-836 -2460
-837 -2470
-838 -2480
-839 -2490
-831 -3210
-832 -3220
-833 -3230
-834 -3240
-835 -3250
-836 -3260
-837 -3270
-838 -3280
-839 -3290
-831 -4010
-832 -4020
-833 -4030
-834 -4040
-835 -4050
-836 -4060
-837 -4070
-838 -4080
-839 -4090
-831 -4810
-832 -4820
-833 -4830
-834 -4840
-835 -4850
-836 -4860
-837 -4870
-838 -4880
-839 -4890
-831 -6510
-832 -6520
-833 -6530
-834 -6540
-835 -6550
-836 -6560
-837 -6570
-838 -6580
-839 -6590
-831 -7410
-832 -7420
-833 -7430
-834 -7440
-835 -7450
-836 -7460
-837 -7470
-838 -7480
-839 -7490
-831 -9210
-832 -9220
-833 -9230
-834 -9240
-835 -9250
-836 -9260
-837 -9270
-838 -9280
-839 -9290
-921 -2410
-922 -2420
-923 -2430
-924 -2440
-925 -2450
-926 -2460
-927 -2470
-928 -2480
-929 -2490
-921 -3210
-922 -3220
-923 -3230
-924 -3240
-925 -3250
-926 -3260
-927 -3270
-928 -3280
-929 -3290
-921 -4010
-922 -4020
-923 -4030
-924 -4040
-925 -4050
-926 -4060
-927 -4070
-928 -4080
-929 -4090
-921 -4810
-922 -4820
-923 -4830
-924 -4840
-925 -4850
-926 -4860
-927 -4870
-928 -4880
-929 -4890
-921 -6510
-922 -6520
-923 -6530
-924 -6540
-925 -6550
-926 -6560
-927 -6570
-928 -6580
-929 -6590
-921 -7410
-922 -7420
-923 -7430
-924 -7440
-925 -7450
-926 -7460
-927 -7470
-928 -7480
-929 -7490
-921 -8310
-922 -8320
-923 -8330
-924 -8340
-925 -8350
-926 -8360
-927 -8370
-928 -8380
-929 -8390
-331 -4110
-332 -4120
-333 -4130
-334 -4140
-335 -4150
-336 -4160
-337 -4170
-338 -4180
-339 -4190
-331 -4910
-332 -4920
-333 -4930
-334 -4940
-335 -4950
-336 -4960
-337 -4970
-338 -4980
-339 -4990
-331 -6610
-332 -6620
-333 -6630
-334 -6640
-335 -6650
-336 -6660
-337 -6670
-338 -6680
-339 -6690
-331 -7510
-332 -7520
-333 -7530
-334 -7540
-335 -7550
-336 -7560
-337 -7570
-338 -7580
-339 -7590
-331 -8410
-332 -8420
-333 -8430
-334 -8440
-335 -8450
-336 -8460
-337 -8470
-338 -8480
-339 -8490
-331 -9310
-332 -9320
-333 -9330
-334 -9340
-335 -9350
-336 -9360
-337 -9370
-338 -9380
-339 -9390
-411 -3310
-412 -3320
-413 -3330
-414 -3340
-415 -3350
-416 -3360
-417 -3370
-418 -3380
-419 -3390
-411 -4910
-412 -4920
-413 -4930
-414 -4940
-415 -4950
-416 -4960
-417 -4970
-418 -4980
-419 -4990
-411 -6610
-412 -6620
-413 -6630
-414 -6640
-415 -6650
-416 -6660
-417 -6670
-418 -6680
-419 -6690
-411 -7510
-412 -7520
-413 -7530
-414 -7540
-415 -7550
-416 -7560
-417 -7570
-418 -7580
-419 -7590
-411 -8410
-412 -8420
-413 -8430
-414 -8440
-415 -8450
-416 -8460
-417 -8470
-418 -8480
-419 -8490
-411 -9310
-412 -9320
-413 -9330
-414 -9340
-415 -9350
-416 -9360
-417 -9370
-418 -9380
-419 -9390
-491 -3310
-492 -3320
-493 -3330
-494 -3340
-495 -3350
-496 -3360
-497 -3370
-498 -3380
-499 -3390
-491 -4110
-492 -4120
-493 -4130
-494 -4140
-495 -4150
-496 -4160
-497 -4170
-498 -4180
-499 -4190
-491 -6610
-492 -6620
-493 -6630
-494 -6640
-495 -6650
-496 -6660
-497 -6670
-498 -6680
-499 -6690
-491 -7510
-492 -7520
-493 -7530
-494 -7540
-495 -7550
-496 -7560
-497 -7570
-498 -7580
-499 -7590
-491 -8410
-492 -8420
-493 -8430
-494 -8440
-495 -8450
-496 -8460
-497 -8470
-498 -8480
-499 -8490
-491 -9310
-492 -9320
-493 -9330
-494 -9340
-495 -9350
-496 -9360
-497 -9370
-498 -9380
-499 -9390
-661 -3310
-662 -3320
-663 -3330
-664 -3340
-665 -3350
-666 -3360
-667 -3370
-668 -3380
-669 -3390
-661 -4110
-662 -4120
-663 -4130
-664 -4140
-665 -4150
-666 -4160
-667 -4170
-668 -4180
-669 -4190
-661 -4910
-662 -4920
-663 -4930
-664 -4940
-665 -4950
-666 -4960
-667 -4970
-668 -4980
-669 -4990
-661 -7510
-662 -7520
-663 -7530
-664 -7540
-665 -7550
-666 -7560
-667 -7570
-668 -7580
-669 -7590
-661 -8410
-662 -8420
-663 -8430
-664 -8440
-665 -8450
-666 -8460
-667 -8470
-668 -8480
-669 -8490
-661 -9310
-662 -9320
-663 -9330
-664 -9340
-665 -9350
-666 -9360
-667 -9370
-668 -9380
-669 -9390
-751 -3310
-752 -3320
-753 -3330
-754 -3340
-755 -3350
-756 -3360
-757 -3370
-758 -3380
-759 -3390
-751 -4110
-752 -4120
-753 -4130
-754 -4140
-755 -4150
-756 -4160
-757 -4170
-758 -4180
-759 -4190
-751 -4910
-752 -4920
-753 -4930
-754 -4940
-755 -4950
-756 -4960
-757 -4970
-758 -4980
-759 -4990
-751 -6610
-752 -6620
-753 -6630
-754 -6640
-755 -6650
-756 -6660
-757 -6670
-758 -6680
-759 -6690
-751 -8410
-752 -8420
-753 -8430
-754 -8440
-755 -8450
-756 -8460
-757 -8470
-758 -8480
-759 -8490
-751 -9310
-752 -9320
-753 -9330
-754 -9340
-755 -9350
-756 -9360
-757 -9370
-758 -9380
-759 -9390
-841 -3310
-842 -3320
-843 -3330
-844 -3340
-845 -3350
-846 -3360
-847 -3370
-848 -3380
-849 -3390
-841 -4110
-842 -4120
-843 -4130
-844 -4140
-845 -4150
-846 -4160
-847 -4170
-848 -4180
-849 -4190
-841 -4910
-842 -4920
-843 -4930
-844 -4940
-845 -4950
-846 -4960
-847 -4970
-848 -4980
-849 -4990
-841 -6610
-842 -6620
-843 -6630
-844 -6640
-845 -6650
-846 -6660
-847 -6670
-848 -6680
-849 -6690
-841 -7510
-842 -7520
-843 -7530
-844 -7540
-845 -7550
-846 -7560
-847 -7570
-848 -7580
-849 -7590
-841 -9310
-842 -9320
-843 -9330
-844 -9340
-845 -9350
-846 -9360
-847 -9370
-848 -9380
-849 -9390
-931 -3310
-932 -3320
-933 -3330
-934 -3340
-935 -3350
-936 -3360
-937 -3370
-938 -3380
-939 -3390
-931 -4110
-932 -4120
-933 -4130
-934 -4140
-935 -4150
-936 -4160
-937 -4170
-938 -4180
-939 -4190
-931 -4910
-932 -4920
-933 -4930
-934 -4940
-935 -4950
-936 -4960
-937 -4970
-938 -4980
-939 -4990
-931 -6610
-932 -6620
-933 -6630
-934 -6640
-935 -6650
-936 -6660
-937 -6670
-938 -6680
-939 -6690
-931 -7510
-932 -7520
-933 -7530
-934 -7540
-935 -7550
-936 -7560
-937 -7570
-938 -7580
-939 -7590
-931 -8410
-932 -8420
-933 -8430
-934 -8440
-935 -8450
-936 -8460
-937 -8470
-938 -8480
-939 -8490
-421 -5010
-422 -5020
-423 -5030
-424 -5040
-425 -5050
-426 -5060
-427 -5070
-428 -5080
-429 -5090
-421 -6710
-422 -6720
-423 -6730
-424 -6740
-425 -6750
-426 -6760
-427 -6770
-428 -6780
-429 -6790
-421 -7610
-422 -7620
-423 -7630
-424 -7640
-425 -7650
-426 -7660
-427 -7670
-428 -7680
-429 -7690
-421 -8510
-422 -8520
-423 -8530
-424 -8540
-425 -8550
-426 -8560
-427 -8570
-428 -8580
-429 -8590
-421 -9410
-422 -9420
-423 -9430
-424 -9440
-425 -9450
-426 -9460
-427 -9470
-428 -9480
-429 -9490
-501 -4210
-502 -4220
-503 -4230
-504 -4240
-505 -4250
-506 -4260
-507 -4270
-508 -4280
-509 -4290
-501 -6710
-502 -6720
-503 -6730
-504 -6740
-505 -6750
-506 -6760
-507 -6770
-508 -6780
-509 -6790
-501 -7610
-502 -7620
-503 -7630
-504 -7640
-505 -7650
-506 -7660
-507 -7670
-508 -7680
-509 -7690
-501 -8510
-502 -8520
-503 -8530
-504 -8540
-505 -8550
-506 -8560
-507 -8570
-508 -8580
-509 -8590
-501 -9410
-502 -9420
-503 -9430
-504 -9440
-505 -9450
-506 -9460
-507 -9470
-508 -9480
-509 -9490
-671 -4210
-672 -4220
-673 -4230
-674 -4240
-675 -4250
-676 -4260
-677 -4270
-678 -4280
-679 -4290
-671 -5010
-672 -5020
-673 -5030
-674 -5040
-675 -5050
-676 -5060
-677 -5070
-678 -5080
-679 -5090
-671 -7610
-672 -7620
-673 -7630
-674 -7640
-675 -7650
-676 -7660
-677 -7670
-678 -7680
-679 -7690
-671 -8510
-672 -8520
-673 -8530
-674 -8540
-675 -8550
-676 -8560
-677 -8570
-678 -8580
-679 -8590
-671 -9410
-672 -9420
-673 -9430
-674 -9440
-675 -9450
-676 -9460
-677 -9470
-678 -9480
-679 -9490
-761 -4210
-762 -4220
-763 -4230
-764 -4240
-765 -4250
-766 -4260
-767 -4270
-768 -4280
-769 -4290
-761 -5010
-762 -5020
-763 -5030
-764 -5040
-765 -5050
-766 -5060
-767 -5070
-768 -5080
-769 -5090
-761 -6710
-762 -6720
-763 -6730
-764 -6740
-765 -6750
-766 -6760
-767 -6770
-768 -6780
-769 -6790
-761 -8510
-762 -8520
-763 -8530
-764 -8540
-765 -8550
-766 -8560
-767 -8570
-768 -8580
-769 -8590
-761 -9410
-762 -9420
-763 -9430
-764 -9440
-765 -9450
-766 -9460
-767 -9470
-768 -9480
-769 -9490
-851 -4210
-852 -4220
-853 -4230
-854 -4240
-855 -4250
-856 -4260
-857 -4270
-858 -4280
-859 -4290
-851 -5010
-852 -5020
-853 -5030
-854 -5040
-855 -5050
-856 -5060
-857 -5070
-858 -5080
-859 -5090
-851 -6710
-852 -6720
-853 -6730
-854 -6740
-855 -6750
-856 -6760
-857 -6770
-858 -6780
-859 -6790
-851 -7610
-852 -7620
-853 -7630
-854 -7640
-855 -7650
-856 -7660
-857 -7670
-858 -7680
-859 -7690
-851 -9410
-852 -9420
-853 -9430
-854 -9440
-855 -9450
-856 -9460
-857 -9470
-858 -9480
-859 -9490
-941 -4210
-942 -4220
-943 -4230
-944 -4240
-945 -4250
-946 -4260
-947 -4270
-948 -4280
-949 -4290
-941 -5010
-942 -5020
-943 -5030
-944 -5040
-945 -5050
-946 -5060
-947 -5070
-948 -5080
-949 -5090
-941 -6710
-942 -6720
-943 -6730
-944 -6740
-945 -6750
-946 -6760
-947 -6770
-948 -6780
-949 -6790
-941 -7610
-942 -7620
-943 -7630
-944 -7640
-945 -7650
-946 -7660
-947 -7670
-948 -7680
-949 -7690
-941 -8510
-942 -8520
-943 -8530
-944 -8540
-945 -8550
-946 -8560
-947 -8570
-948 -8580
-949 -8590
-511 -6810
-512 -6820
-513 -6830
-514 -6840
-515 -6850
-516 -6860
-517 -6870
-518 -6880
-519 -6890
-511 -7710
-512 -7720
-513 -7730
-514 -7740
-515 -7750
-516 -7760
-517 -7770
-518 -7780
-519 -7790
-511 -8610
-512 -8620
-513 -8630
-514 -8640
-515 -8650
-516 -8660
-517 -8670
-518 -8680
-519 -8690
-511 -9510
-512 -9520
-513 -9530
-514 -9540
-515 -9550
-516 -9560
-517 -9570
-518 -9580
-519 -9590
-681 -5110
-682 -5120
-683 -5130
-684 -5140
-685 -5150
-686 -5160
-687 -5170
-688 -5180
-689 -5190
-681 -7710
-682 -7720
-683 -7730
-684 -7740
-685 -7750
-686 -7760
-687 -7770
-688 -7780
-689 -7790
-681 -8610
-682 -8620
-683 -8630
-684 -8640
-685 -8650
-686 -8660
-687 -8670
-688 -8680
-689 -8690
-681 -9510
-682 -9520
-683 -9530
-684 -9540
-685 -9550
-686 -9560
-687 -9570
-688 -9580
-689 -9590
-771 -5110
-772 -5120
-773 -5130
-774 -5140
-775 -5150
-776 -5160
-777 -5170
-778 -5180
-779 -5190
-771 -6810
-772 -6820
-773 -6830
-774 -6840
-775 -6850
-776 -6860
-777 -6870
-778 -6880
-779 -6890
-771 -8610
-772 -8620
-773 -8630
-774 -8640
-775 -8650
-776 -8660
-777 -8670
-778 -8680
-779 -8690
-771 -9510
-772 -9520
-773 -9530
-774 -9540
-775 -9550
-776 -9560
-777 -9570
-778 -9580
-779 -9590
-861 -5110
-862 -5120
-863 -5130
-864 -5140
-865 -5150
-866 -5160
-867 -5170
-868 -5180
-869 -5190
-861 -6810
-862 -6820
-863 -6830
-864 -6840
-865 -6850
-866 -6860
-867 -6870
-868 -6880
-869 -6890
-861 -7710
-862 -7720
-863 -7730
-864 -7740
-865 -7750
-866 -7760
-867 -7770
-868 -7780
-869 -7790
-861 -9510
-862 -9520
-863 -9530
-864 -9540
-865 -9550
-866 -9560
-867 -9570
-868 -9580
-869 -9590
-951 -5110
-952 -5120
-953 -5130
-954 -5140
-955 -5150
-956 -5160
-957 -5170
-958 -5180
-959 -5190
-951 -6810
-952 -6820
-953 -6830
-954 -6840
-955 -6850
-956 -6860
-957 -6870
-958 -6880
-959 -6890
-951 -7710
-952 -7720
-953 -7730
-954 -7740
-955 -7750
-956 -7760
-957 -7770
-958 -7780
-959 -7790
-951 -8610
-952 -8620
-953 -8630
-954 -8640
-955 -8650
-956 -8660
-957 -8670
-958 -8680
-959 -8690
112 192 272 352 432 0
113 193 273 353 433 0
114 194 274 354 434 0
115 195 275 355 435 0
116 196 276 356 436 0
123 203 283 363 443 613 0
124 204 284 364 444 614 0
125 205 285 365 445 615 0
126 206 286 366 446 616 0
127 207 287 367 447 617 0
128 208 288 368 448 618 0
133 213 293 373 453 623 713 0
134 214 294 374 454 624 714 0
135 215 295 375 455 625 715 0
136 216 296 376 456 626 716 0
137 217 297 377 457 627 717 0
138 218 298 378 458 628 718 0
139 219 299 379 459 629 719 0
142 222 302 382 462 632 722 812 0
143 223 303 383 463 633 723 813 0
144 224 304 384 464 634 724 814 0
145 225 305 385 465 635 725 815 0
146 226 306 386 466 636 726 816 0
147 227 307 387 467 637 727 817 0
148 228 308 388 468 638 728 818 0
149 229 309 389 469 639 729 819 0
151 231 311 391 471 641 731 821 911 0
152 232 312 392 472 642 732 822 912 0
153 233 313 393 473 643 733 823 913 0
154 234 314 394 474 644 734 824 914 0
155 235 315 395 475 645 735 825 915 0
156 236 316 396 476 646 736 826 916 0
157 237 317 397 477 647 737 827 917 0
158 238 318 398 478 648 738 828 918 0
159 239 319 399 479 649 739 829 919 0
241 321 401 481 651 741 831 921 0
242 322 402 482 652 742 832 922 0
243 323 403 483 653 743 833 923 0
244 324 404 484 654 744 834 924 0
245 325 405 485 655 745 835 925 0
246 326 406 486 656 746 836 926 0
247 327 407 487 657 747 837 927 0
248 328 408 488 658 748 838 928 0
331 411 491 661 751 841 931 0
332 412 492 662 752 842 932 0
333 413 493 663 753 843 933 0
334 414 494 664 754 844 934 0
335 415 495 665 755 845 935 0
336 416 496 666 756 846 936 0
337 417 497 667 757 847 937 0
422 502 672 762 852 942 0
423 503 673 763 853 943 0
424 504 674 764 854 944 0
425 505 675 765 855 945 0
426 506 676 766 856 946 0
427 507 677 767 857 947 0
512 682 772 862 952 0
513 683 773 863 953 0
514 684 774 864 954 0
515 685 775 865 955 0
516 686 776 866 956 0
