404661394
556367521
716087780
197680182
627333156
428274484
659156370
397791241
302637992
110833181
103338730
550193099
659556580
435125463
225416761
19585415
800943085
988810230
672277743
388556891
657785351
552329968
997987585
545151273
119320552
229024696
193093170
412917908
505959196
922542
279683276
762114403
183955178
955869520
591564367
249768954
958604496
864283591
664584010
820604779
525213213
309225966
940473106
780221596
987082155
748457714
604529532
316548543
833522979
382235191
94147557
209131365
200439902
145995414
939806791
385951573
209548332
163451652
126442380
973861854
109805076
521676969
943148724
323478509
435170676
624797353
769315204
986487995
741145818
478109322
904768181
208793410
600592692
505000694
807911899
678244292
433088793
286283367
133124652
428081601
113179904
377203908
832457941
164385163
856793172
851387430
991668978
982255198
373116023
636099920
825033529
91043792
104432679
948740969
360110150
654962915
727284383
974195201
530352328
840049611
993969635
669808565
484393776
751956147
212982593
357915009
974349181
696822470
38874464
563475419
712402721
26574716
313413792
888675596
862029350
25576553
92867948
657275606
490777720
81381099
613006654
349502975
49663740
469081939
27858354
484336919
250299594
348036514
854568755
54956427
505810296
224315977
979505003
30752422
366502986
98116093
371491760
485347356
473446823
10354512
668219721
71268289
660363596
865389539
117107267
85471738
950054276
685879238
693642560
703261402
232776725
788234069
554193387
36777859
201861989
38463412
328157949
817047305
318354893
992666744
156296735
174595811
585117352
923374428
127577359
403967389
18930858
602910515
742047772
406117452
447033310
610669240
564056093
674147752
878682533
259117290
713227843
7450901
461501267
777445046
993104990
32774001
237836480
918166431
52913271
564492303
194795436
24741940
544050023
357856547
748505304
619742216
714251619
788994156
769320732
789963547
168907679
558631254
763970100
328070092
3303396
194155030
757029580
420162985
748292510
473714962
236828289
132981029
419446436
644003948
819216646
928317109
186281247
354281956
543785323
498220759
238756155
921645046
943050805
593425926
731430690
469446706
383467789
493304839
498447954
238284114
156750573
675987371
357438506
376999981
975798088
769064836
798714628
858781667
643801158
243591306
540378536
948171916
621178461
488906932
624105618
270360139
692973712
750157532
54037881
692737466
406374172
907186310
98012130
264606988
657813023
730143598
442661980
986459037
808557519
457663975
420785120
176498898
968330958
633732987
59358691
5905120
341878252
387943510
415170457
238450763
665646637
680177090
939423977
29379656
308585292
828044202
504325903
658116260
752783040
649132996
885874240
506495655
232693788
460836654
137275240
822502219
213640927
57769078
247591235
230177058
641781367
526935606
460129956
629437995
425923409
871422617
429585372
788543691
643245158
166584471
715744822
798675710
516521072
212367617
35874956
12179789
680892416
264479502
211910719
693693032
63570503
467610201
130448028
693676271
238965925
17897882
865990281
236996142
867714711
828380274
292183083
170898016
717265849
221602547
207363613
916699113
598032736
189567313
385639198
74418499
595816867
414569572
257429120
460135316
681047473
847012964
653692013
189029962
123324833
765356977
381653124
587001942
34280880
681708372
13013306
890767361
805447231
852156884
594537454
586656413
587233266
134183318
222390971
225142522
773086714
977906137
392426908
856589669
444625718
910154283
337572295
602862772
442010695
630272000
793439992
785249574
475680381
751473756
502714238
39393093
104487152
701613392
291789942
987846752
336770385
653682370
256106919
118683910
885308876
167697132
813665038
327224544
691032830
772613079
463431054
605996525
728791136
685135635
142258913
197716085
631882262
186079277
66745581
370043489
785591293
190675713
803109259
746577071
91230461
23512899
747318054
488503342
428604477
91878349
115151219
688365788
441629196
644551229
63629659
181527291
765421550
21401581
645034170
401899432
896909039
60494786
171385997
157883499
963856837
560014303
779309877
980922214
804904786
552518286
367471536
962398852
283055402
457157919
889923058
852387552
486866824
547957390
619649798
215676028
187667461
419152756
526976419
194465423
17849761
237985190
395532182
858944418
668990823
52160618
38535472
694155818
121157480
597565491
383593287
960150851
17438311
584489320
791636697
181042341
786483497
950136935
730300082
585154872
950977610
508666062
75370080
934232858
579560803
804702133
103534792
794518607
948886945
49931496
599617049
695805895
506112177
433434856
219666216
167431300
497864208
307178553
18864138
233735344
510080754
858073350
253401379
389693689
494664661
697350279
435677242
584672756
718954322
312791902
152166063
777037716
984426692
226595814
243573712
330564867
845905984
870076965
886458748
497235497
469815911
897834679
644114154
220599939
281938692
374251794
780468095
114749405
26898087
385513446
453048796
726899379
421778075
276265499
856649789
595581436
82927378
136308122
943331
133619451
314306856
976325728
199303000
528464426
120661168
548249662
247924942
756364287
653556753
567511486
844082441
183303705
240110895
822926296
339207394
379677987
557052731
370099509
102065962
511926471
665504613
222999244
889607904
569816352
985824338
961810582
863957396
374646906
719726833
538302192
413999714
379659970
61999383
891325478
14327781
955396300
653213449
142888123
661593901
287470995
304455625
431788244
969080355
525936269
71397448
401097400
250761714
541041534
340964973
275726074
397790405
697763671
345859063
792574926
381351182
970593576
683372394
374027956
447693910
162032271
418431402
383962400
522496367
931296822
755999909
143100285
598927806
58895425
281063304
609282667
881024310
541909206
765793663
38717095
818815288
568619252
255441133
961742730
359418225
949690605
434570429
276366144
146675847
79243600
616350572
610079633
238765868
353387456
85806948
42370409
146954091
120105736
159342763
763111634
503789913
620982407
689565007
831608252
646266421
973757771
311298326
27783764
510211133
175075885
222003031
375280634
769178263
734632256
127203029
419139931
430124913
602709588
99252972
931186765
719942930
373930427
433436904
556555245
572157854
876016002
248057938
531536638
475797406
884512494
364232732
453172036
430987907
62345613
898666919
145282407
968626642
167039935
235033366
715603134
559406054
334863216
409852723
599107166
67462648
712785818
809594324
151600115
903411443
239349791
944046021
883096649
558581709
460287840
571985523
802163095
402335051
929284471
916201200
390200866
440790415
898227122
366663770
727482061
572084724
427801303
81124429
225069477
543184429
906406976
467909419
595406613
887814768
179096687
932882957
382798018
331357014
388398041
551369768
135613185
741306660
792368502
540175735
823603209
155868403
967106458
326847438
972606868
43020928
698257412
342071020
348749067
473596240
489007799
31898766
729453084
257233627
334242999
210111281
116592046
240257149
359206438
765118879
775265866
101521976
669271116
954768374
773703142
257691522
654418661
612103500
382408032
193312516
400833682
93186099
476750148
245057990
462000911
206073477
45748502
878159848
820493196
936573853
806330899
950397434
622558634
283634058
315044776
970176011
10960502
721310720
762964955
290131333
175480966
558820005
278817737
632579104
641570458
880434076
931546863
393632737
503730755
468587024
120968955
598188815
106417349
39981794
172790794
251732797
905440758
813619259
739886367
200079996
897284705
413446526
120872870
684977875
100893175
992254593
984774541
182053766
195788569
67393757
653703748
455035046
348493972
106662036
505373724
377314521
393825413
336514620
513271975
74564279
258126733
338254076
109440772
949382213
384063570
466900007
976680570
350428789
46154013
997299701
810961945
13630630
39376903
730316746
799411358
594609881
20163966
339870327
132288786
122068169
794317929
55228575
501933799
584257586
172918754
973226547
759812803
293707176
300851601
278793320
79473982
178017268
398689388
236090379
816781124
505577836
622450200
202058851
239376500
749076067
841330629
751763593
461906643
877447981
320687296
670565176
109512068
50597485
307549897
44678806
684118557
267514353
270638254
862437772
721185073
227451168
445497670
220351639
113387152
406608752
853001050
636915265
983060206
359302579
402174097
383622467
403431752
420164083
86121460
657068279
487809139
53072397
41346201
492333865
790225730
939021551
203390569
103385898
941843885
602992064
445524267
541753602
972751624
694425718
755005200
962025799
560738366
359715804
276442947
27667221
783208541
529941395
854303729
606319817
795018875
574105864
232890421
684952290
231467405
263919335
888295442
895968223
442876237
57151643
474892824
925202834
944825787
683936672
245160678
330543725
940559072
912657816
132972239
390634876
868560153
382905516
894493859
312660404
288200067
420492989
797943658
731284764
684400362
986772514
122892429
532927451
445861965
540655188
807163256
720696591
252013010
599630605
51457467
302646615
560202177
675337634
315162700
145639084
20203963
514643504
850338220
969835092
745545573
486724499
698616540
611079040
804990300
356156568
377343995
211858231
951917336
283469091
514637439
817855498
817661441
328547025
682149181
298351721
827674650
861986282
223311045
76636428
807278544
7785273
990866382
816957412
823955035
113027741
322469718
329366688
217240108
954378965
532784849
363008012
267738702
71248435
921046789
929928802
18267736
417664311
244405712
980336880
899048523
300965873
430875579
574719029
970637227
404739576
917942092
494874953
450017556
422643615
759318415
52082981
576578649
878976431
278679453
610851732
362631536
739318200
194583042
342471328
124504106
669266911
692717708
457730236
203686198
286386580
716791206
709325735
768617166
124819496
349261256
738932039
553213130
148507836
449602073
560084938
237244279
